Neural Network Program
0.7300000.5800000.4000001.6500001.0300000.160000
1.9973462.93327512.851202
0.000000 0.000000 0.000000 0.073319
0.000000 0.020000 0.031395 0.083968
0.000000 0.040000 0.062667 0.096761
0.000000 0.060000 0.093691 0.111939
0.000000 0.080000 0.124345 0.129679
0.000000 0.100000 0.154508 0.150046
0.000000 0.120000 0.184062 0.172949
0.000000 0.140000 0.212889 0.198114
0.000000 0.160000 0.240877 0.225080
0.000000 0.180000 0.267913 0.253221
0.000000 0.200000 0.293892 0.281808
0.000000 0.220000 0.318712 0.310078
0.000000 0.240000 0.342273 0.337310
0.000000 0.260000 0.364484 0.362888
0.000000 0.280000 0.385256 0.386335
0.000000 0.300000 0.404508 0.407330
0.000000 0.320000 0.422164 0.425692
0.000000 0.340000 0.438153 0.441366
0.000000 0.360000 0.452413 0.454391
0.000000 0.380000 0.464888 0.464872
0.000000 0.400000 0.475528 0.472959
0.000000 0.420000 0.484291 0.478823
0.000000 0.440000 0.491144 0.482648
0.000000 0.460000 0.496057 0.484612
0.000000 0.480000 0.499013 0.484891
0.000000 0.500000 0.500000 0.483646
0.000000 0.520000 0.499013 0.481027
0.000000 0.540000 0.496057 0.477166
0.000000 0.560000 0.491144 0.472187
0.000000 0.580000 0.484292 0.466195
0.000000 0.600000 0.475529 0.459287
0.000000 0.620000 0.464889 0.451547
0.000000 0.640000 0.452414 0.443048
0.000000 0.660000 0.438154 0.433856
0.000000 0.680000 0.422164 0.424029
0.000000 0.700000 0.404509 0.413619
0.000000 0.720000 0.385257 0.402673
0.000000 0.740000 0.364485 0.391234
0.000000 0.760000 0.342274 0.379340
0.000000 0.780000 0.318713 0.367031
0.000000 0.800000 0.293893 0.354343
0.000000 0.820000 0.267914 0.341314
0.000000 0.840000 0.240878 0.327981
0.000000 0.860000 0.212891 0.314384
0.000000 0.880000 0.184063 0.300565
0.000000 0.900000 0.154510 0.286569
0.000000 0.920000 0.124346 0.272442
0.000000 0.940000 0.093692 0.258237
0.000000 0.960000 0.062668 0.244006
0.000000 0.980000 0.031397 0.229808
0.020000 0.000000 0.031395 0.083942
0.020000 0.020000 0.062790 0.095632
0.020000 0.040000 0.094062 0.109629
0.020000 0.060000 0.125086 0.126177
0.020000 0.080000 0.155740 0.145442
0.020000 0.100000 0.185904 0.167463
0.020000 0.120000 0.215457 0.192111
0.020000 0.140000 0.244285 0.219056
0.020000 0.160000 0.272272 0.247774
0.020000 0.180000 0.299308 0.277574
0.020000 0.200000 0.325288 0.307665
0.020000 0.220000 0.350107 0.337241
0.020000 0.240000 0.373669 0.365551
0.020000 0.260000 0.395879 0.391971
0.020000 0.280000 0.416652 0.416033
0.020000 0.300000 0.435903 0.437432
0.020000 0.320000 0.453559 0.456014
0.020000 0.340000 0.469548 0.471752
0.020000 0.360000 0.483809 0.484708
0.020000 0.380000 0.496283 0.495011
0.020000 0.400000 0.506923 0.502829
0.020000 0.420000 0.515687 0.508348
0.020000 0.440000 0.522539 0.511759
0.020000 0.460000 0.527453 0.513251
0.020000 0.480000 0.530409 0.513002
0.020000 0.500000 0.531395 0.511176
0.020000 0.520000 0.530409 0.507924
0.020000 0.540000 0.527453 0.503380
0.020000 0.560000 0.522539 0.497666
0.020000 0.580000 0.515687 0.490890
0.020000 0.600000 0.506924 0.483147
0.020000 0.620000 0.496284 0.474520
0.020000 0.640000 0.483809 0.465086
0.020000 0.660000 0.469549 0.454911
0.020000 0.680000 0.453560 0.444054
0.020000 0.700000 0.435904 0.432569
0.020000 0.720000 0.416652 0.420507
0.020000 0.740000 0.395880 0.407912
0.020000 0.760000 0.373670 0.394831
0.020000 0.780000 0.350108 0.381305
0.020000 0.800000 0.325289 0.367378
0.020000 0.820000 0.299310 0.353094
0.020000 0.840000 0.272273 0.338497
0.020000 0.860000 0.244286 0.323637
0.020000 0.880000 0.215459 0.308563
0.020000 0.900000 0.185905 0.293329
0.020000 0.920000 0.155741 0.277994
0.020000 0.940000 0.125087 0.262618
0.020000 0.960000 0.094063 0.247266
0.020000 0.980000 0.062792 0.232005
0.040000 0.000000 0.062667 0.096586
0.040000 0.020000 0.094062 0.109466
0.040000 0.040000 0.125333 0.124832
0.040000 0.060000 0.156357 0.142924
0.040000 0.080000 0.187011 0.163890
0.040000 0.100000 0.217175 0.187738
0.040000 0.120000 0.246729 0.214285
0.040000 0.140000 0.275556 0.243138
0.040000 0.160000 0.303543 0.273700
0.040000 0.180000 0.330580 0.305206
0.040000 0.200000 0.356559 0.336807
0.040000 0.220000 0.381378 0.367651
0.040000 0.240000 0.404940 0.396970
0.040000 0.260000 0.427151 0.424140
0.040000 0.280000 0.447923 0.448710
0.040000 0.300000 0.467175 0.470405
0.040000 0.320000 0.484830 0.489104
0.040000 0.340000 0.500820 0.504812
0.040000 0.360000 0.515080 0.517622
0.040000 0.380000 0.527555 0.527686
0.040000 0.400000 0.538195 0.535190
0.040000 0.420000 0.546958 0.540332
0.040000 0.440000 0.553810 0.543314
0.040000 0.460000 0.558724 0.544329
0.040000 0.480000 0.561680 0.543555
0.040000 0.500000 0.562667 0.541159
0.040000 0.520000 0.561680 0.537289
0.040000 0.540000 0.558724 0.532078
0.040000 0.560000 0.553810 0.525646
0.040000 0.580000 0.546958 0.518098
0.040000 0.600000 0.538195 0.509527
0.040000 0.620000 0.527555 0.500017
0.040000 0.640000 0.515080 0.489641
0.040000 0.660000 0.500820 0.478466
0.040000 0.680000 0.484831 0.466553
0.040000 0.700000 0.467176 0.453957
0.040000 0.720000 0.447924 0.440730
0.040000 0.740000 0.427152 0.426922
0.040000 0.760000 0.404941 0.412582
0.040000 0.780000 0.381379 0.397759
0.040000 0.800000 0.356560 0.382501
0.040000 0.820000 0.330581 0.366862
0.040000 0.840000 0.303544 0.350894
0.040000 0.860000 0.275557 0.334656
0.040000 0.880000 0.246730 0.318210
0.040000 0.900000 0.217176 0.301620
0.040000 0.920000 0.187013 0.284956
0.040000 0.940000 0.156358 0.268293
0.040000 0.960000 0.125334 0.251707
0.040000 0.980000 0.094063 0.235276
0.060000 0.000000 0.093691 0.111463
0.060000 0.020000 0.125086 0.125678
0.060000 0.040000 0.156357 0.142569
0.060000 0.060000 0.187381 0.162365
0.060000 0.080000 0.218035 0.185190
0.060000 0.100000 0.248199 0.211004
0.060000 0.120000 0.277753 0.239566
0.060000 0.140000 0.306580 0.270405
0.060000 0.160000 0.334567 0.302841
0.060000 0.180000 0.361604 0.336037
0.060000 0.200000 0.387583 0.369083
0.060000 0.220000 0.412402 0.401093
0.060000 0.240000 0.435964 0.431289
0.060000 0.260000 0.458175 0.459062
0.060000 0.280000 0.478947 0.483992
0.060000 0.300000 0.498199 0.505842
0.060000 0.320000 0.515854 0.524532
0.060000 0.340000 0.531844 0.540105
0.060000 0.360000 0.546104 0.552685
0.060000 0.380000 0.558579 0.562450
0.060000 0.400000 0.569219 0.569602
0.060000 0.420000 0.577982 0.574353
0.060000 0.440000 0.584834 0.576909
0.060000 0.460000 0.589748 0.577464
0.060000 0.480000 0.592704 0.576197
0.060000 0.500000 0.593691 0.573271
0.060000 0.520000 0.592704 0.568831
0.060000 0.540000 0.589748 0.563005
0.060000 0.560000 0.584834 0.555907
0.060000 0.580000 0.577982 0.547638
0.060000 0.600000 0.569219 0.538286
0.060000 0.620000 0.558579 0.527932
0.060000 0.640000 0.546104 0.516646
0.060000 0.660000 0.531844 0.504493
0.060000 0.680000 0.515855 0.491533
0.060000 0.700000 0.498200 0.477821
0.060000 0.720000 0.478948 0.463411
0.060000 0.740000 0.458176 0.448357
0.060000 0.760000 0.435965 0.432710
0.060000 0.780000 0.412403 0.416527
0.060000 0.800000 0.387584 0.399863
0.060000 0.820000 0.361605 0.382779
0.060000 0.840000 0.334568 0.365340
0.060000 0.860000 0.306581 0.347615
0.060000 0.880000 0.277754 0.329679
0.060000 0.900000 0.248200 0.311610
0.060000 0.920000 0.218037 0.293494
0.060000 0.940000 0.187382 0.275418
0.060000 0.960000 0.156358 0.257474
0.060000 0.980000 0.125087 0.239756
0.080000 0.000000 0.124345 0.128719
0.080000 0.020000 0.155740 0.144403
0.080000 0.040000 0.187011 0.162956
0.080000 0.060000 0.218035 0.184589
0.080000 0.080000 0.248690 0.209389
0.080000 0.100000 0.278853 0.237263
0.080000 0.120000 0.308407 0.267893
0.080000 0.140000 0.337234 0.300725
0.080000 0.160000 0.365221 0.334991
0.080000 0.180000 0.392258 0.369779
0.080000 0.200000 0.418237 0.404128
0.080000 0.220000 0.443057 0.437128
0.080000 0.240000 0.466618 0.468008
0.080000 0.260000 0.488829 0.496187
0.080000 0.280000 0.509601 0.521287
0.080000 0.300000 0.528853 0.543122
0.080000 0.320000 0.546509 0.561660
0.080000 0.340000 0.562498 0.576984
0.080000 0.360000 0.576758 0.589252
0.080000 0.380000 0.589233 0.598665
0.080000 0.400000 0.599873 0.605443
0.080000 0.420000 0.608636 0.609804
0.080000 0.440000 0.615488 0.611958
0.080000 0.460000 0.620402 0.612098
0.080000 0.480000 0.623358 0.610400
0.080000 0.500000 0.624345 0.607019
0.080000 0.520000 0.623358 0.602093
0.080000 0.540000 0.620402 0.595742
0.080000 0.560000 0.615489 0.588072
0.080000 0.580000 0.608637 0.579176
0.080000 0.600000 0.599873 0.569135
0.080000 0.620000 0.589233 0.558022
0.080000 0.640000 0.576759 0.545904
0.080000 0.660000 0.562499 0.532839
0.080000 0.680000 0.546509 0.518885
0.080000 0.700000 0.528854 0.504096
0.080000 0.720000 0.509602 0.488527
0.080000 0.740000 0.488830 0.472230
0.080000 0.760000 0.466619 0.455264
0.080000 0.780000 0.443058 0.437688
0.080000 0.800000 0.418238 0.419567
0.080000 0.820000 0.392259 0.400971
0.080000 0.840000 0.365223 0.381977
0.080000 0.860000 0.337236 0.362667
0.080000 0.880000 0.308408 0.343130
0.080000 0.900000 0.278854 0.323463
0.080000 0.920000 0.248691 0.303767
0.080000 0.940000 0.218037 0.284149
0.080000 0.960000 0.187013 0.264718
0.080000 0.980000 0.155741 0.245586
0.100000 0.000000 0.154508 0.148404
0.100000 0.020000 0.185904 0.165665
0.100000 0.040000 0.217175 0.185982
0.100000 0.060000 0.248199 0.209539
0.100000 0.080000 0.278853 0.236378
0.100000 0.100000 0.309017 0.266336
0.100000 0.120000 0.338570 0.299012
0.100000 0.140000 0.367398 0.333758
0.100000 0.160000 0.395385 0.369720
0.100000 0.180000 0.422422 0.405917
0.100000 0.200000 0.448401 0.441346
0.100000 0.220000 0.473220 0.475093
0.100000 0.240000 0.496782 0.506407
0.100000 0.260000 0.518992 0.534752
0.100000 0.280000 0.539765 0.559806
0.100000 0.300000 0.559017 0.581439
0.100000 0.320000 0.576672 0.599674
0.100000 0.340000 0.592661 0.614635
0.100000 0.360000 0.606922 0.626515
0.100000 0.380000 0.619396 0.635536
0.100000 0.400000 0.630036 0.641929
0.100000 0.420000 0.638800 0.645921
0.100000 0.440000 0.645652 0.647721
0.100000 0.460000 0.650566 0.647517
0.100000 0.480000 0.653522 0.645476
0.100000 0.500000 0.654508 0.641746
0.100000 0.520000 0.653522 0.636453
0.100000 0.540000 0.650566 0.629706
0.100000 0.560000 0.645652 0.621599
0.100000 0.580000 0.638800 0.612214
0.100000 0.600000 0.630037 0.601622
0.100000 0.620000 0.619397 0.589886
0.100000 0.640000 0.606922 0.577064
0.100000 0.660000 0.592662 0.563207
0.100000 0.680000 0.576673 0.548367
0.100000 0.700000 0.559017 0.532593
0.100000 0.720000 0.539766 0.515936
0.100000 0.740000 0.518993 0.498452
0.100000 0.760000 0.496783 0.480199
0.100000 0.780000 0.473221 0.461241
0.100000 0.800000 0.448402 0.441650
0.100000 0.820000 0.422423 0.421507
0.100000 0.840000 0.395386 0.400900
0.100000 0.860000 0.367399 0.379928
0.100000 0.880000 0.338572 0.358696
0.100000 0.900000 0.309018 0.337321
0.100000 0.920000 0.278854 0.315925
0.100000 0.940000 0.248200 0.294636
0.100000 0.960000 0.217176 0.273586
0.100000 0.980000 0.185905 0.252906
0.120000 0.000000 0.184062 0.170434
0.120000 0.020000 0.215457 0.189342
0.120000 0.040000 0.246729 0.211476
0.120000 0.060000 0.277753 0.236987
0.120000 0.080000 0.308407 0.265855
0.120000 0.100000 0.338570 0.297840
0.120000 0.120000 0.368124 0.332449
0.120000 0.140000 0.396952 0.368941
0.120000 0.160000 0.424939 0.406376
0.120000 0.180000 0.451975 0.443716
0.120000 0.200000 0.477955 0.479936
0.120000 0.220000 0.502774 0.514129
0.120000 0.240000 0.526335 0.545588
0.120000 0.260000 0.548546 0.573834
0.120000 0.280000 0.569319 0.598612
0.120000 0.300000 0.588570 0.619856
0.120000 0.320000 0.606226 0.637641
0.120000 0.340000 0.622215 0.652136
0.120000 0.360000 0.636475 0.663563
0.120000 0.380000 0.648950 0.672165
0.120000 0.400000 0.659590 0.678183
0.120000 0.420000 0.668354 0.681843
0.120000 0.440000 0.675206 0.683353
0.120000 0.460000 0.680119 0.682894
0.120000 0.480000 0.683075 0.680622
0.120000 0.500000 0.684062 0.676673
0.120000 0.520000 0.683076 0.671158
0.120000 0.540000 0.680120 0.664174
0.120000 0.560000 0.675206 0.655800
0.120000 0.580000 0.668354 0.646104
0.120000 0.600000 0.659591 0.635143
0.120000 0.620000 0.648951 0.622966
0.120000 0.640000 0.636476 0.609619
0.120000 0.660000 0.622216 0.595144
0.120000 0.680000 0.606227 0.579580
0.120000 0.700000 0.588571 0.562970
0.120000 0.720000 0.569319 0.545360
0.120000 0.740000 0.548547 0.526801
0.120000 0.760000 0.526336 0.507350
0.120000 0.780000 0.502775 0.487075
0.120000 0.800000 0.477956 0.466053
0.120000 0.820000 0.451976 0.444373
0.120000 0.840000 0.424940 0.422137
0.120000 0.860000 0.396953 0.399459
0.120000 0.880000 0.368125 0.376465
0.120000 0.900000 0.338572 0.353293
0.120000 0.920000 0.308408 0.330090
0.120000 0.940000 0.277754 0.307011
0.120000 0.960000 0.246730 0.284211
0.120000 0.980000 0.215459 0.261850
0.140000 0.000000 0.212889 0.194569
0.140000 0.020000 0.244285 0.215143
0.140000 0.040000 0.275556 0.239089
0.140000 0.060000 0.306580 0.266509
0.140000 0.080000 0.337234 0.297317
0.140000 0.100000 0.367398 0.331187
0.140000 0.120000 0.396952 0.367530
0.140000 0.140000 0.425779 0.405511
0.140000 0.160000 0.453766 0.444119
0.140000 0.180000 0.480803 0.482274
0.140000 0.200000 0.506782 0.518945
0.140000 0.220000 0.531601 0.553256
0.140000 0.240000 0.555163 0.584557
0.140000 0.260000 0.577374 0.612439
0.140000 0.280000 0.598146 0.636719
0.140000 0.300000 0.617398 0.657398
0.140000 0.320000 0.635053 0.674604
0.140000 0.340000 0.651043 0.688548
0.140000 0.360000 0.665303 0.699476
0.140000 0.380000 0.677778 0.707648
0.140000 0.400000 0.688418 0.713310
0.140000 0.420000 0.697181 0.716690
0.140000 0.440000 0.704033 0.717986
0.140000 0.460000 0.708947 0.717371
0.140000 0.480000 0.711903 0.714990
0.140000 0.500000 0.712889 0.710963
0.140000 0.520000 0.711903 0.705387
0.140000 0.540000 0.708947 0.698343
0.140000 0.560000 0.704033 0.689893
0.140000 0.580000 0.697181 0.680089
0.140000 0.600000 0.688418 0.668971
0.140000 0.620000 0.677778 0.656572
0.140000 0.640000 0.665303 0.642923
0.140000 0.660000 0.651043 0.628049
0.140000 0.680000 0.635054 0.611978
0.140000 0.700000 0.617399 0.594739
0.140000 0.720000 0.598147 0.576369
0.140000 0.740000 0.577374 0.556910
0.140000 0.760000 0.555164 0.536415
0.140000 0.780000 0.531602 0.514950
0.140000 0.800000 0.506783 0.492595
0.140000 0.820000 0.480804 0.469447
0.140000 0.840000 0.453767 0.445618
0.140000 0.860000 0.425780 0.421239
0.140000 0.880000 0.396953 0.396457
0.140000 0.900000 0.367399 0.371433
0.140000 0.920000 0.337236 0.346344
0.140000 0.940000 0.306581 0.321372
0.140000 0.960000 0.275557 0.296707
0.140000 0.980000 0.244286 0.272535
0.160000 0.000000 0.240877 0.220408
0.160000 0.020000 0.272272 0.242611
0.160000 0.040000 0.303543 0.268296
0.160000 0.060000 0.334567 0.297509
0.160000 0.080000 0.365221 0.330089
0.160000 0.100000 0.395385 0.365620
0.160000 0.120000 0.424939 0.403418
0.160000 0.140000 0.453766 0.442567
0.160000 0.160000 0.481753 0.481996
0.160000 0.180000 0.508790 0.520602
0.160000 0.200000 0.534769 0.557369
0.160000 0.220000 0.559588 0.591470
0.160000 0.240000 0.583150 0.622323
0.160000 0.260000 0.605361 0.649599
0.160000 0.280000 0.626133 0.673189
0.160000 0.300000 0.645385 0.693158
0.160000 0.320000 0.663040 0.709685
0.160000 0.340000 0.679030 0.723015
0.160000 0.360000 0.693290 0.733418
0.160000 0.380000 0.705765 0.741163
0.160000 0.400000 0.716405 0.746501
0.160000 0.420000 0.725168 0.749654
0.160000 0.440000 0.732020 0.750814
0.160000 0.460000 0.736934 0.750143
0.160000 0.480000 0.739890 0.747772
0.160000 0.500000 0.740877 0.743806
0.160000 0.520000 0.739890 0.738328
0.160000 0.540000 0.736934 0.731400
0.160000 0.560000 0.732020 0.723069
0.160000 0.580000 0.725168 0.713367
0.160000 0.600000 0.716405 0.702317
0.160000 0.620000 0.705765 0.689934
0.160000 0.640000 0.693291 0.676229
0.160000 0.660000 0.679030 0.661211
0.160000 0.680000 0.663041 0.644888
0.160000 0.700000 0.645386 0.627274
0.160000 0.720000 0.626134 0.608390
0.160000 0.740000 0.605362 0.588265
0.160000 0.760000 0.583151 0.566942
0.160000 0.780000 0.559589 0.544482
0.160000 0.800000 0.534770 0.520962
0.160000 0.820000 0.508791 0.496480
0.160000 0.840000 0.481754 0.471160
0.160000 0.860000 0.453767 0.445144
0.160000 0.880000 0.424940 0.418601
0.160000 0.900000 0.395386 0.391718
0.160000 0.920000 0.365223 0.364700
0.160000 0.940000 0.334569 0.337767
0.160000 0.960000 0.303545 0.311142
0.160000 0.980000 0.272273 0.285049
0.180000 0.000000 0.267913 0.247412
0.180000 0.020000 0.299308 0.271148
0.180000 0.040000 0.330580 0.298434
0.180000 0.060000 0.361604 0.329255
0.180000 0.080000 0.392258 0.363370
0.180000 0.100000 0.422422 0.400275
0.180000 0.120000 0.451975 0.439199
0.180000 0.140000 0.480803 0.479156
0.180000 0.160000 0.508790 0.519034
0.180000 0.180000 0.535826 0.557728
0.180000 0.200000 0.561806 0.594254
0.180000 0.220000 0.586625 0.627849
0.180000 0.240000 0.610187 0.658007
0.180000 0.260000 0.632397 0.684479
0.180000 0.280000 0.653170 0.707231
0.180000 0.300000 0.672421 0.726386
0.180000 0.320000 0.690077 0.742168
0.180000 0.340000 0.706066 0.754850
0.180000 0.360000 0.720327 0.764720
0.180000 0.380000 0.732801 0.772054
0.180000 0.400000 0.743441 0.777102
0.180000 0.420000 0.752205 0.780083
0.180000 0.440000 0.759057 0.781178
0.180000 0.460000 0.763970 0.780539
0.180000 0.480000 0.766927 0.778282
0.180000 0.500000 0.767913 0.774501
0.180000 0.520000 0.766927 0.769260
0.180000 0.540000 0.763971 0.762608
0.180000 0.560000 0.759057 0.754573
0.180000 0.580000 0.752205 0.745170
0.180000 0.600000 0.743442 0.734404
0.180000 0.620000 0.732802 0.722271
0.180000 0.640000 0.720327 0.708761
0.180000 0.660000 0.706067 0.693861
0.180000 0.680000 0.690078 0.677561
0.180000 0.700000 0.672422 0.659854
0.180000 0.720000 0.653170 0.640739
0.180000 0.740000 0.632398 0.620228
0.180000 0.760000 0.610187 0.598349
0.180000 0.780000 0.586626 0.575148
0.180000 0.800000 0.561807 0.550695
0.180000 0.820000 0.535828 0.525085
0.180000 0.840000 0.508791 0.498443
0.180000 0.860000 0.480804 0.470924
0.180000 0.880000 0.451977 0.442713
0.180000 0.900000 0.422423 0.414023
0.180000 0.920000 0.392259 0.385091
0.180000 0.940000 0.361605 0.356172
0.180000 0.960000 0.330581 0.327531
0.180000 0.980000 0.299310 0.299433
0.200000 0.000000 0.293892 0.274946
0.200000 0.020000 0.325288 0.300065
0.200000 0.040000 0.356559 0.328760
0.200000 0.060000 0.387583 0.360950
0.200000 0.080000 0.418237 0.396316
0.200000 0.100000 0.448401 0.434271
0.200000 0.120000 0.477955 0.473970
0.200000 0.140000 0.506782 0.514371
0.200000 0.160000 0.534769 0.554344
0.200000 0.180000 0.561806 0.592796
0.200000 0.200000 0.587785 0.628793
0.200000 0.220000 0.612604 0.661642
0.200000 0.240000 0.636166 0.690917
0.200000 0.260000 0.658376 0.716448
0.200000 0.280000 0.679149 0.738267
0.200000 0.300000 0.698401 0.756549
0.200000 0.320000 0.716056 0.771556
0.200000 0.340000 0.732046 0.783583
0.200000 0.360000 0.746306 0.792931
0.200000 0.380000 0.758780 0.799879
0.200000 0.400000 0.769421 0.804675
0.200000 0.420000 0.778184 0.807530
0.200000 0.440000 0.785036 0.808619
0.200000 0.460000 0.789950 0.808079
0.200000 0.480000 0.792906 0.806018
0.200000 0.500000 0.793892 0.802514
0.200000 0.520000 0.792906 0.797621
0.200000 0.540000 0.789950 0.791371
0.200000 0.560000 0.785036 0.783777
0.200000 0.580000 0.778184 0.774839
0.200000 0.600000 0.769421 0.764544
0.200000 0.620000 0.758781 0.752867
0.200000 0.640000 0.746306 0.739781
0.200000 0.660000 0.732046 0.725250
0.200000 0.680000 0.716057 0.709241
0.200000 0.700000 0.698401 0.691725
0.200000 0.720000 0.679150 0.672676
0.200000 0.740000 0.658377 0.652084
0.200000 0.760000 0.636167 0.629954
0.200000 0.780000 0.612605 0.606312
0.200000 0.800000 0.587786 0.581212
0.200000 0.820000 0.561807 0.554740
0.200000 0.840000 0.534770 0.527017
0.200000 0.860000 0.506783 0.498199
0.200000 0.880000 0.477956 0.468486
0.200000 0.900000 0.448402 0.438111
0.200000 0.920000 0.418239 0.407341
0.200000 0.940000 0.387584 0.376470
0.200000 0.960000 0.356560 0.345806
0.200000 0.980000 0.325289 0.315662
0.220000 0.000000 0.318712 0.302335
0.220000 0.020000 0.350107 0.328648
0.220000 0.040000 0.381378 0.358521
0.220000 0.060000 0.412402 0.391809
0.220000 0.080000 0.443057 0.428120
0.220000 0.100000 0.473220 0.466794
0.220000 0.120000 0.502774 0.506927
0.220000 0.140000 0.531601 0.547439
0.220000 0.160000 0.559588 0.587197
0.220000 0.180000 0.586625 0.625139
0.220000 0.200000 0.612604 0.660386
0.220000 0.220000 0.637424 0.692321
0.220000 0.240000 0.660985 0.720595
0.220000 0.260000 0.683196 0.745109
0.220000 0.280000 0.703968 0.765954
0.220000 0.300000 0.723220 0.783351
0.220000 0.320000 0.740876 0.797587
0.220000 0.340000 0.756865 0.808978
0.220000 0.360000 0.771125 0.817830
0.220000 0.380000 0.783600 0.824423
0.220000 0.400000 0.794240 0.829001
0.220000 0.420000 0.803003 0.831769
0.220000 0.440000 0.809855 0.832891
0.220000 0.460000 0.814769 0.832498
0.220000 0.480000 0.817725 0.830686
0.220000 0.500000 0.818712 0.827522
0.220000 0.520000 0.817725 0.823048
0.220000 0.540000 0.814769 0.817286
0.220000 0.560000 0.809856 0.810235
0.220000 0.580000 0.803004 0.801882
0.220000 0.600000 0.794240 0.792197
0.220000 0.620000 0.783600 0.781141
0.220000 0.640000 0.771126 0.768665
0.220000 0.660000 0.756866 0.754715
0.220000 0.680000 0.740876 0.739234
0.220000 0.700000 0.723221 0.722169
0.220000 0.720000 0.703969 0.703469
0.220000 0.740000 0.683197 0.683096
0.220000 0.760000 0.660986 0.661029
0.220000 0.780000 0.637425 0.637267
0.220000 0.800000 0.612605 0.611843
0.220000 0.820000 0.586626 0.584821
0.220000 0.840000 0.559590 0.556309
0.220000 0.860000 0.531602 0.526462
0.220000 0.880000 0.502775 0.495481
0.220000 0.900000 0.473221 0.463615
0.220000 0.920000 0.443058 0.431157
0.220000 0.940000 0.412404 0.398436
0.220000 0.960000 0.381380 0.365806
0.220000 0.980000 0.350108 0.333628
0.240000 0.000000 0.342273 0.328929
0.240000 0.020000 0.373669 0.356221
0.240000 0.040000 0.404940 0.387023
0.240000 0.060000 0.435964 0.421130
0.240000 0.080000 0.466618 0.458084
0.240000 0.100000 0.496782 0.497166
0.240000 0.120000 0.526335 0.537427
0.240000 0.140000 0.555163 0.577770
0.240000 0.160000 0.583150 0.617071
0.240000 0.180000 0.610187 0.654307
0.240000 0.200000 0.636166 0.688662
0.240000 0.220000 0.660985 0.719589
0.240000 0.240000 0.684547 0.746813
0.240000 0.260000 0.706757 0.770295
0.240000 0.280000 0.727530 0.790177
0.240000 0.300000 0.746782 0.806713
0.240000 0.320000 0.764437 0.820214
0.240000 0.340000 0.780426 0.831006
0.240000 0.360000 0.794687 0.839399
0.240000 0.380000 0.807161 0.845671
0.240000 0.400000 0.817801 0.850063
0.240000 0.420000 0.826565 0.852771
0.240000 0.440000 0.833417 0.853954
0.240000 0.460000 0.838331 0.853732
0.240000 0.480000 0.841287 0.852194
0.240000 0.500000 0.842273 0.849399
0.240000 0.520000 0.841287 0.845381
0.240000 0.540000 0.838331 0.840150
0.240000 0.560000 0.833417 0.833698
0.240000 0.580000 0.826565 0.826000
0.240000 0.600000 0.817802 0.817013
0.240000 0.620000 0.807162 0.806685
0.240000 0.640000 0.794687 0.794952
0.240000 0.660000 0.780427 0.781741
0.240000 0.680000 0.764438 0.766974
0.240000 0.700000 0.746782 0.750574
0.240000 0.720000 0.727531 0.732465
0.240000 0.740000 0.706758 0.712581
0.240000 0.760000 0.684548 0.690869
0.240000 0.780000 0.660986 0.667301
0.240000 0.800000 0.636167 0.641878
0.240000 0.820000 0.610188 0.614638
0.240000 0.840000 0.583151 0.585668
0.240000 0.860000 0.555164 0.555106
0.240000 0.880000 0.526337 0.523148
0.240000 0.900000 0.496783 0.490051
0.240000 0.920000 0.466619 0.456125
0.240000 0.940000 0.435965 0.421728
0.240000 0.960000 0.404941 0.387257
0.240000 0.980000 0.373670 0.353125
0.260000 0.000000 0.364484 0.354156
0.260000 0.020000 0.395879 0.382203
0.260000 0.040000 0.427151 0.413684
0.260000 0.060000 0.458175 0.448340
0.260000 0.080000 0.488829 0.485660
0.260000 0.100000 0.518992 0.524880
0.260000 0.120000 0.548546 0.565020
0.260000 0.140000 0.577374 0.604980
0.260000 0.160000 0.605361 0.643655
0.260000 0.180000 0.632397 0.680068
0.260000 0.200000 0.658376 0.713464
0.260000 0.220000 0.683196 0.743360
0.260000 0.240000 0.706757 0.769544
0.260000 0.260000 0.728968 0.792031
0.260000 0.280000 0.749740 0.810999
0.260000 0.300000 0.768992 0.826731
0.260000 0.320000 0.786648 0.839554
0.260000 0.340000 0.802637 0.849799
0.260000 0.360000 0.816897 0.857779
0.260000 0.380000 0.829372 0.863768
0.260000 0.400000 0.840012 0.868001
0.260000 0.420000 0.848776 0.870670
0.260000 0.440000 0.855628 0.871926
0.260000 0.460000 0.860541 0.871883
0.260000 0.480000 0.863497 0.870623
0.260000 0.500000 0.864484 0.868199
0.260000 0.520000 0.863497 0.864638
0.260000 0.540000 0.860542 0.859945
0.260000 0.560000 0.855628 0.854105
0.260000 0.580000 0.848776 0.847084
0.260000 0.600000 0.840013 0.838832
0.260000 0.620000 0.829373 0.829286
0.260000 0.640000 0.816898 0.818368
0.260000 0.660000 0.802638 0.805991
0.260000 0.680000 0.786649 0.792061
0.260000 0.700000 0.768993 0.776478
0.260000 0.720000 0.749741 0.759144
0.260000 0.740000 0.728969 0.739963
0.260000 0.760000 0.706758 0.718855
0.260000 0.780000 0.683197 0.695757
0.260000 0.800000 0.658378 0.670637
0.260000 0.820000 0.632398 0.643501
0.260000 0.840000 0.605362 0.614406
0.260000 0.860000 0.577375 0.583465
0.260000 0.880000 0.548547 0.550859
0.260000 0.900000 0.518994 0.516839
0.260000 0.920000 0.488830 0.481723
0.260000 0.940000 0.458176 0.445893
0.260000 0.960000 0.427152 0.409778
0.260000 0.980000 0.395881 0.373839
0.280000 0.000000 0.385256 0.377553
0.280000 0.020000 0.416652 0.406138
0.280000 0.040000 0.447923 0.438063
0.280000 0.060000 0.478947 0.473026
0.280000 0.080000 0.509601 0.510475
0.280000 0.100000 0.539765 0.549613
0.280000 0.120000 0.569319 0.589445
0.280000 0.140000 0.598146 0.628876
0.280000 0.160000 0.626133 0.666829
0.280000 0.180000 0.653170 0.702373
0.280000 0.200000 0.679149 0.734808
0.280000 0.220000 0.703968 0.763709
0.280000 0.240000 0.727530 0.788913
0.280000 0.260000 0.749740 0.810479
0.280000 0.280000 0.770513 0.828615
0.280000 0.300000 0.789765 0.843622
0.280000 0.320000 0.807420 0.855839
0.280000 0.340000 0.823410 0.865600
0.280000 0.360000 0.837670 0.873216
0.280000 0.380000 0.850144 0.878960
0.280000 0.400000 0.860784 0.883061
0.280000 0.420000 0.869548 0.885704
0.280000 0.440000 0.876400 0.887036
0.280000 0.460000 0.881314 0.887166
0.280000 0.480000 0.884270 0.886171
0.280000 0.500000 0.885256 0.884100
0.280000 0.520000 0.884270 0.880975
0.280000 0.540000 0.881314 0.876798
0.280000 0.560000 0.876400 0.871549
0.280000 0.580000 0.869548 0.865189
0.280000 0.600000 0.860785 0.857663
0.280000 0.620000 0.850145 0.848901
0.280000 0.640000 0.837670 0.838815
0.280000 0.660000 0.823410 0.827310
0.280000 0.680000 0.807421 0.814275
0.280000 0.700000 0.789765 0.799595
0.280000 0.720000 0.770514 0.783150
0.280000 0.740000 0.749741 0.764821
0.280000 0.760000 0.727531 0.744499
0.280000 0.780000 0.703969 0.722089
0.280000 0.800000 0.679150 0.697525
0.280000 0.820000 0.653171 0.670776
0.280000 0.840000 0.626134 0.641864
0.280000 0.860000 0.598147 0.610872
0.280000 0.880000 0.569320 0.577953
0.280000 0.900000 0.539766 0.543343
0.280000 0.920000 0.509603 0.507356
0.280000 0.940000 0.478948 0.470384
0.280000 0.960000 0.447924 0.432883
0.280000 0.980000 0.416653 0.395354
0.300000 0.000000 0.404508 0.398787
0.300000 0.020000 0.435903 0.427707
0.300000 0.040000 0.467175 0.459868
0.300000 0.060000 0.498199 0.494932
0.300000 0.080000 0.528853 0.532318
0.300000 0.100000 0.559017 0.571209
0.300000 0.120000 0.588570 0.610606
0.300000 0.140000 0.617398 0.649427
0.300000 0.160000 0.645385 0.686627
0.300000 0.180000 0.672421 0.721315
0.300000 0.200000 0.698401 0.752839
0.300000 0.220000 0.723220 0.780822
0.300000 0.240000 0.746782 0.805143
0.300000 0.260000 0.768992 0.825889
0.300000 0.280000 0.789765 0.843293
0.300000 0.300000 0.809017 0.857670
0.300000 0.320000 0.826672 0.869362
0.300000 0.340000 0.842661 0.878707
0.300000 0.360000 0.856922 0.886013
0.300000 0.380000 0.869396 0.891550
0.300000 0.400000 0.880036 0.895542
0.300000 0.420000 0.888800 0.898170
0.300000 0.440000 0.895652 0.899577
0.300000 0.460000 0.900566 0.899866
0.300000 0.480000 0.903522 0.899113
0.300000 0.500000 0.904508 0.897363
0.300000 0.520000 0.903522 0.894637
0.300000 0.540000 0.900566 0.890933
0.300000 0.560000 0.895652 0.886230
0.300000 0.580000 0.888800 0.880486
0.300000 0.600000 0.880037 0.873644
0.300000 0.620000 0.869397 0.865628
0.300000 0.640000 0.856922 0.856348
0.300000 0.660000 0.842662 0.845698
0.300000 0.680000 0.826673 0.833560
0.300000 0.700000 0.809017 0.819805
0.300000 0.720000 0.789765 0.804297
0.300000 0.740000 0.768993 0.786897
0.300000 0.760000 0.746783 0.767471
0.300000 0.780000 0.723221 0.745896
0.300000 0.800000 0.698402 0.722072
0.300000 0.820000 0.672423 0.695933
0.300000 0.840000 0.645386 0.667463
0.300000 0.860000 0.617399 0.636708
0.300000 0.880000 0.588572 0.603790
0.300000 0.900000 0.559018 0.568917
0.300000 0.920000 0.528854 0.532390
0.300000 0.940000 0.498200 0.494599
0.300000 0.960000 0.467176 0.456015
0.300000 0.980000 0.435905 0.417167
0.320000 0.000000 0.422164 0.417649
0.320000 0.020000 0.453559 0.446725
0.320000 0.040000 0.484830 0.478943
0.320000 0.060000 0.515854 0.513939
0.320000 0.080000 0.546509 0.551116
0.320000 0.100000 0.576672 0.589646
0.320000 0.120000 0.606226 0.628535
0.320000 0.140000 0.635053 0.666720
0.320000 0.160000 0.663040 0.703183
0.320000 0.180000 0.690077 0.737073
0.320000 0.200000 0.716056 0.767776
0.320000 0.220000 0.740876 0.794950
0.320000 0.240000 0.764437 0.818505
0.320000 0.260000 0.786648 0.838552
0.320000 0.280000 0.807420 0.855337
0.320000 0.300000 0.826672 0.869183
0.320000 0.320000 0.844327 0.880437
0.320000 0.340000 0.860317 0.889437
0.320000 0.360000 0.874577 0.896488
0.320000 0.380000 0.887052 0.901856
0.320000 0.400000 0.897692 0.905762
0.320000 0.420000 0.906455 0.908384
0.320000 0.440000 0.913307 0.909860
0.320000 0.460000 0.918221 0.910292
0.320000 0.480000 0.921177 0.909753
0.320000 0.500000 0.922164 0.908287
0.320000 0.520000 0.921177 0.905912
0.320000 0.540000 0.918221 0.902628
0.320000 0.560000 0.913307 0.898412
0.320000 0.580000 0.906456 0.893221
0.320000 0.600000 0.897692 0.886998
0.320000 0.620000 0.887052 0.879664
0.320000 0.640000 0.874578 0.871128
0.320000 0.660000 0.860317 0.861278
0.320000 0.680000 0.844328 0.849992
0.320000 0.700000 0.826673 0.837132
0.320000 0.720000 0.807421 0.822549
0.320000 0.740000 0.786649 0.806090
0.320000 0.760000 0.764438 0.787601
0.320000 0.780000 0.740877 0.766933
0.320000 0.800000 0.716057 0.743959
0.320000 0.820000 0.690078 0.718579
0.320000 0.840000 0.663042 0.690741
0.320000 0.860000 0.635054 0.660453
0.320000 0.880000 0.606227 0.627800
0.320000 0.900000 0.576673 0.592959
0.320000 0.920000 0.546510 0.556208
0.320000 0.940000 0.515856 0.517923
0.320000 0.960000 0.484832 0.478577
0.320000 0.980000 0.453560 0.438718
0.340000 0.000000 0.438153 0.434041
0.340000 0.020000 0.469548 0.463120
0.340000 0.040000 0.500820 0.495246
0.340000 0.060000 0.531844 0.530044
0.340000 0.080000 0.562498 0.566904
0.340000 0.100000 0.592661 0.605003
0.340000 0.120000 0.622215 0.643355
0.340000 0.140000 0.651043 0.680917
0.340000 0.160000 0.679030 0.716700
0.340000 0.180000 0.706066 0.749880
0.340000 0.200000 0.732046 0.779875
0.340000 0.220000 0.756865 0.806368
0.340000 0.240000 0.780426 0.829289
0.340000 0.260000 0.802637 0.848763
0.340000 0.280000 0.823410 0.865047
0.340000 0.300000 0.842661 0.878466
0.340000 0.320000 0.860317 0.889371
0.340000 0.340000 0.876306 0.898096
0.340000 0.360000 0.890566 0.904946
0.340000 0.380000 0.903041 0.910184
0.340000 0.400000 0.913681 0.914027
0.340000 0.420000 0.922445 0.916650
0.340000 0.440000 0.929297 0.918190
0.340000 0.460000 0.934210 0.918748
0.340000 0.480000 0.937166 0.918394
0.340000 0.500000 0.938153 0.917171
0.340000 0.520000 0.937167 0.915100
0.340000 0.540000 0.934211 0.912177
0.340000 0.560000 0.929297 0.908381
0.340000 0.580000 0.922445 0.903672
0.340000 0.600000 0.913682 0.897989
0.340000 0.620000 0.903042 0.891257
0.340000 0.640000 0.890567 0.883382
0.340000 0.660000 0.876307 0.874252
0.340000 0.680000 0.860318 0.863741
0.340000 0.700000 0.842662 0.851705
0.340000 0.720000 0.823410 0.837989
0.340000 0.740000 0.802638 0.822429
0.340000 0.760000 0.780427 0.804854
0.340000 0.780000 0.756866 0.785100
0.340000 0.800000 0.732047 0.763012
0.340000 0.820000 0.706067 0.738465
0.340000 0.840000 0.679031 0.711373
0.340000 0.860000 0.651044 0.681708
0.340000 0.880000 0.622216 0.649520
0.340000 0.900000 0.592663 0.614952
0.340000 0.920000 0.562499 0.578249
0.340000 0.940000 0.531845 0.539771
0.340000 0.960000 0.500821 0.499981
0.340000 0.980000 0.469550 0.459430
0.360000 0.000000 0.452413 0.447958
0.360000 0.020000 0.483809 0.476909
0.360000 0.040000 0.515080 0.508824
0.360000 0.060000 0.546104 0.543322
0.360000 0.080000 0.576758 0.579794
0.360000 0.100000 0.606922 0.617424
0.360000 0.120000 0.636475 0.655242
0.360000 0.140000 0.665303 0.692224
0.360000 0.160000 0.693290 0.727404
0.360000 0.180000 0.720327 0.759983
0.360000 0.200000 0.746306 0.789397
0.360000 0.220000 0.771125 0.815346
0.360000 0.240000 0.794687 0.837770
0.360000 0.260000 0.816897 0.856803
0.360000 0.280000 0.837670 0.872703
0.360000 0.300000 0.856922 0.885800
0.360000 0.320000 0.874577 0.896441
0.360000 0.340000 0.890566 0.904961
0.360000 0.360000 0.904827 0.911664
0.360000 0.380000 0.917301 0.916808
0.360000 0.400000 0.927941 0.920611
0.360000 0.420000 0.936705 0.923246
0.360000 0.440000 0.943557 0.924846
0.360000 0.460000 0.948471 0.925513
0.360000 0.480000 0.951427 0.925316
0.360000 0.500000 0.952413 0.924299
0.360000 0.520000 0.951427 0.922482
0.360000 0.540000 0.948471 0.919863
0.360000 0.560000 0.943557 0.916422
0.360000 0.580000 0.936705 0.912118
0.360000 0.600000 0.927942 0.906895
0.360000 0.620000 0.917302 0.900676
0.360000 0.640000 0.904827 0.893368
0.360000 0.660000 0.890567 0.884860
0.360000 0.680000 0.874578 0.875025
0.360000 0.700000 0.856922 0.863717
0.360000 0.720000 0.837671 0.850776
0.360000 0.740000 0.816898 0.836031
0.360000 0.760000 0.794688 0.819302
0.360000 0.780000 0.771126 0.800410
0.360000 0.800000 0.746307 0.779183
0.360000 0.820000 0.720328 0.755473
0.360000 0.840000 0.693291 0.729167
0.360000 0.860000 0.665304 0.700208
0.360000 0.880000 0.636477 0.668611
0.360000 0.900000 0.606923 0.634486
0.360000 0.920000 0.576759 0.598049
0.360000 0.940000 0.546105 0.559632
0.360000 0.960000 0.515081 0.519682
0.360000 0.980000 0.483810 0.478746
0.380000 0.000000 0.464888 0.459460
0.380000 0.020000 0.496283 0.488175
0.380000 0.040000 0.527555 0.519784
0.380000 0.060000 0.558579 0.553906
0.380000 0.080000 0.589233 0.589943
0.380000 0.100000 0.619396 0.627090
0.380000 0.120000 0.648950 0.664397
0.380000 0.140000 0.677778 0.700860
0.380000 0.160000 0.705765 0.735531
0.380000 0.180000 0.732801 0.767626
0.380000 0.200000 0.758780 0.796593
0.380000 0.220000 0.783600 0.822136
0.380000 0.240000 0.807161 0.844201
0.380000 0.260000 0.829372 0.862921
0.380000 0.280000 0.850144 0.878554
0.380000 0.300000 0.869396 0.891428
0.380000 0.320000 0.887052 0.901891
0.380000 0.340000 0.903041 0.910275
0.380000 0.360000 0.917301 0.916882
0.380000 0.380000 0.929776 0.921970
0.380000 0.400000 0.940416 0.925756
0.380000 0.420000 0.949179 0.928411
0.380000 0.440000 0.956032 0.930070
0.380000 0.460000 0.960945 0.930832
0.380000 0.480000 0.963901 0.930769
0.380000 0.500000 0.964888 0.929922
0.380000 0.520000 0.963901 0.928315
0.380000 0.540000 0.960945 0.925945
0.380000 0.560000 0.956032 0.922794
0.380000 0.580000 0.949180 0.918823
0.380000 0.600000 0.940417 0.913976
0.380000 0.620000 0.929777 0.908180
0.380000 0.640000 0.917302 0.901342
0.380000 0.660000 0.903042 0.893353
0.380000 0.680000 0.887053 0.884085
0.380000 0.700000 0.869397 0.873392
0.380000 0.720000 0.850145 0.861113
0.380000 0.740000 0.829373 0.847072
0.380000 0.760000 0.807162 0.831085
0.380000 0.780000 0.783601 0.812962
0.380000 0.800000 0.758782 0.792519
0.380000 0.820000 0.732802 0.769593
0.380000 0.840000 0.705766 0.744049
0.380000 0.860000 0.677779 0.715807
0.380000 0.880000 0.648951 0.684855
0.380000 0.900000 0.619398 0.651273
0.380000 0.920000 0.589234 0.615249
0.380000 0.940000 0.558580 0.577089
0.380000 0.960000 0.527556 0.537218
0.380000 0.980000 0.496285 0.496171
0.400000 0.000000 0.475528 0.468654
0.400000 0.020000 0.506923 0.497042
0.400000 0.040000 0.538195 0.528268
0.400000 0.060000 0.569219 0.561960
0.400000 0.080000 0.599873 0.597531
0.400000 0.100000 0.630036 0.634198
0.400000 0.120000 0.659590 0.671030
0.400000 0.140000 0.688418 0.707042
0.400000 0.160000 0.716405 0.741301
0.400000 0.180000 0.743441 0.773032
0.400000 0.200000 0.769421 0.801683
0.400000 0.220000 0.794240 0.826959
0.400000 0.240000 0.817801 0.848798
0.400000 0.260000 0.840012 0.867330
0.400000 0.280000 0.860784 0.882809
0.400000 0.300000 0.880036 0.895559
0.400000 0.320000 0.897692 0.905924
0.400000 0.340000 0.913681 0.914237
0.400000 0.360000 0.927941 0.920799
0.400000 0.380000 0.940416 0.925869
0.400000 0.400000 0.951056 0.929661
0.400000 0.420000 0.959820 0.932348
0.400000 0.440000 0.966672 0.934065
0.400000 0.460000 0.971585 0.934912
0.400000 0.480000 0.974541 0.934961
0.400000 0.500000 0.975528 0.934254
0.400000 0.520000 0.974542 0.932815
0.400000 0.540000 0.971586 0.930645
0.400000 0.560000 0.966672 0.927724
0.400000 0.580000 0.959820 0.924017
0.400000 0.600000 0.951057 0.919469
0.400000 0.620000 0.940417 0.914008
0.400000 0.640000 0.927942 0.907543
0.400000 0.660000 0.913682 0.899967
0.400000 0.680000 0.897693 0.891153
0.400000 0.700000 0.880037 0.880956
0.400000 0.720000 0.860785 0.869214
0.400000 0.740000 0.840013 0.855751
0.400000 0.760000 0.817802 0.840377
0.400000 0.780000 0.794241 0.822901
0.400000 0.800000 0.769422 0.803130
0.400000 0.820000 0.743442 0.780889
0.400000 0.840000 0.716406 0.756033
0.400000 0.860000 0.688419 0.728461
0.400000 0.880000 0.659591 0.698144
0.400000 0.900000 0.630038 0.665139
0.400000 0.920000 0.599874 0.629609
0.400000 0.940000 0.569220 0.591837
0.400000 0.960000 0.538196 0.552226
0.400000 0.980000 0.506925 0.511295
0.420000 0.000000 0.484291 0.475676
0.420000 0.020000 0.515687 0.503663
0.420000 0.040000 0.546958 0.534443
0.420000 0.060000 0.577982 0.567659
0.420000 0.080000 0.608636 0.602746
0.420000 0.100000 0.638800 0.638943
0.420000 0.120000 0.668354 0.675340
0.420000 0.140000 0.697181 0.710971
0.420000 0.160000 0.725168 0.744915
0.420000 0.180000 0.752205 0.776397
0.420000 0.200000 0.778184 0.804860
0.420000 0.220000 0.803003 0.830000
0.420000 0.240000 0.826565 0.851743
0.420000 0.260000 0.848776 0.870207
0.420000 0.280000 0.869548 0.885639
0.420000 0.300000 0.888800 0.898358
0.420000 0.320000 0.906455 0.908705
0.420000 0.340000 0.922445 0.917012
0.420000 0.360000 0.936705 0.923579
0.420000 0.380000 0.949179 0.928666
0.420000 0.400000 0.959820 0.932489
0.420000 0.420000 0.968583 0.935221
0.420000 0.440000 0.975435 0.936998
0.420000 0.460000 0.980349 0.937922
0.420000 0.480000 0.983305 0.938064
0.420000 0.500000 0.984291 0.937471
0.420000 0.520000 0.983305 0.936165
0.420000 0.540000 0.980349 0.934148
0.420000 0.560000 0.975435 0.931403
0.420000 0.580000 0.968583 0.927896
0.420000 0.600000 0.959820 0.923573
0.420000 0.620000 0.949180 0.918363
0.420000 0.640000 0.936705 0.912179
0.420000 0.660000 0.922445 0.904914
0.420000 0.680000 0.906456 0.896441
0.420000 0.700000 0.888800 0.886618
0.420000 0.720000 0.869549 0.875284
0.420000 0.740000 0.848776 0.862262
0.420000 0.760000 0.826566 0.847363
0.420000 0.780000 0.803004 0.830392
0.420000 0.800000 0.778185 0.811156
0.420000 0.820000 0.752206 0.789472
0.420000 0.840000 0.725169 0.765189
0.420000 0.860000 0.697182 0.738197
0.420000 0.880000 0.668355 0.708454
0.420000 0.900000 0.638801 0.676002
0.420000 0.920000 0.608638 0.640987
0.420000 0.940000 0.577983 0.603674
0.420000 0.960000 0.546959 0.564448
0.420000 0.980000 0.515688 0.523808
0.440000 0.000000 0.491144 0.480678
0.440000 0.020000 0.522539 0.508198
0.440000 0.040000 0.553810 0.538479
0.440000 0.060000 0.584834 0.571184
0.440000 0.080000 0.615488 0.605773
0.440000 0.100000 0.645652 0.641509
0.440000 0.120000 0.675206 0.677511
0.440000 0.140000 0.704033 0.712828
0.440000 0.160000 0.732020 0.746547
0.440000 0.180000 0.759057 0.777887
0.440000 0.200000 0.785036 0.806283
0.440000 0.220000 0.809855 0.831411
0.440000 0.240000 0.833417 0.853179
0.440000 0.260000 0.855628 0.871690
0.440000 0.280000 0.876400 0.887180
0.440000 0.300000 0.895652 0.899958
0.440000 0.320000 0.913307 0.910363
0.440000 0.340000 0.929297 0.918726
0.440000 0.360000 0.943557 0.925348
0.440000 0.380000 0.956032 0.930488
0.440000 0.400000 0.966672 0.934366
0.440000 0.420000 0.975435 0.937157
0.440000 0.440000 0.982287 0.938999
0.440000 0.460000 0.987201 0.939994
0.440000 0.480000 0.990157 0.940216
0.440000 0.500000 0.991144 0.939713
0.440000 0.520000 0.990157 0.938507
0.440000 0.540000 0.987201 0.936603
0.440000 0.560000 0.982287 0.933985
0.440000 0.580000 0.975435 0.930618
0.440000 0.600000 0.966672 0.926452
0.440000 0.620000 0.956032 0.921416
0.440000 0.640000 0.943557 0.915423
0.440000 0.660000 0.929297 0.908369
0.440000 0.680000 0.913308 0.900129
0.440000 0.700000 0.895653 0.890560
0.440000 0.720000 0.876401 0.879504
0.440000 0.740000 0.855629 0.866785
0.440000 0.760000 0.833418 0.852215
0.440000 0.780000 0.809856 0.835599
0.440000 0.800000 0.785037 0.816745
0.440000 0.820000 0.759058 0.795471
0.440000 0.840000 0.732021 0.771622
0.440000 0.860000 0.704034 0.745087
0.440000 0.880000 0.675207 0.715819
0.440000 0.900000 0.645653 0.683854
0.440000 0.920000 0.615490 0.649329
0.440000 0.940000 0.584835 0.612496
0.440000 0.960000 0.553811 0.573725
0.440000 0.980000 0.522540 0.533500
0.460000 0.000000 0.496057 0.483814
0.460000 0.020000 0.527453 0.510809
0.460000 0.040000 0.558724 0.540544
0.460000 0.060000 0.589748 0.572706
0.460000 0.080000 0.620402 0.606783
0.460000 0.100000 0.650566 0.642069
0.460000 0.120000 0.680119 0.677709
0.460000 0.140000 0.708947 0.712769
0.460000 0.160000 0.736934 0.746342
0.460000 0.180000 0.763970 0.777640
0.460000 0.200000 0.789950 0.806079
0.460000 0.220000 0.814769 0.831310
0.460000 0.240000 0.838331 0.853218
0.460000 0.260000 0.860541 0.871885
0.460000 0.280000 0.881314 0.887531
0.460000 0.300000 0.900566 0.900456
0.460000 0.320000 0.918221 0.910995
0.460000 0.340000 0.934210 0.919475
0.460000 0.360000 0.948471 0.926199
0.460000 0.380000 0.960945 0.931430
0.460000 0.400000 0.971585 0.935389
0.460000 0.420000 0.980349 0.938255
0.460000 0.440000 0.987201 0.940166
0.460000 0.460000 0.992115 0.941230
0.460000 0.480000 0.995071 0.941520
0.460000 0.500000 0.996057 0.941086
0.460000 0.520000 0.995071 0.939953
0.460000 0.540000 0.992115 0.938125
0.460000 0.560000 0.987201 0.935587
0.460000 0.580000 0.980349 0.932307
0.460000 0.600000 0.971586 0.928233
0.460000 0.620000 0.960946 0.923297
0.460000 0.640000 0.948471 0.917413
0.460000 0.660000 0.934211 0.910475
0.460000 0.680000 0.918222 0.902361
0.460000 0.700000 0.900566 0.892930
0.460000 0.720000 0.881315 0.882024
0.460000 0.740000 0.860542 0.869470
0.460000 0.760000 0.838332 0.855081
0.460000 0.780000 0.814770 0.838667
0.460000 0.800000 0.789951 0.820036
0.460000 0.820000 0.763972 0.799013
0.460000 0.840000 0.736935 0.775445
0.460000 0.860000 0.708948 0.749226
0.460000 0.880000 0.680121 0.720312
0.460000 0.900000 0.650567 0.688738
0.460000 0.920000 0.620403 0.654642
0.460000 0.940000 0.589749 0.618271
0.460000 0.960000 0.558725 0.579986
0.460000 0.980000 0.527454 0.540257
0.480000 0.000000 0.499013 0.485238
0.480000 0.020000 0.530409 0.511656
0.480000 0.040000 0.561680 0.540800
0.480000 0.060000 0.592704 0.572387
0.480000 0.080000 0.623358 0.605935
0.480000 0.100000 0.653522 0.640774
0.480000 0.120000 0.683075 0.676075
0.480000 0.140000 0.711903 0.710926
0.480000 0.160000 0.739890 0.744421
0.480000 0.180000 0.766927 0.775763
0.480000 0.200000 0.792906 0.804343
0.480000 0.220000 0.817725 0.829784
0.480000 0.240000 0.841287 0.851940
0.480000 0.260000 0.863497 0.870867
0.480000 0.280000 0.884270 0.886764
0.480000 0.300000 0.903522 0.899921
0.480000 0.320000 0.921177 0.910665
0.480000 0.340000 0.937166 0.919323
0.480000 0.360000 0.951427 0.926199
0.480000 0.380000 0.963901 0.931558
0.480000 0.400000 0.974541 0.935625
0.480000 0.420000 0.983305 0.938582
0.480000 0.440000 0.990157 0.940571
0.480000 0.460000 0.995071 0.941702
0.480000 0.480000 0.998027 0.942051
0.480000 0.500000 0.999013 0.941668
0.480000 0.520000 0.998027 0.940582
0.480000 0.540000 0.995071 0.938796
0.480000 0.560000 0.990157 0.936297
0.480000 0.580000 0.983305 0.933052
0.480000 0.600000 0.974542 0.929011
0.480000 0.620000 0.963902 0.924105
0.480000 0.640000 0.951427 0.918249
0.480000 0.660000 0.937167 0.911337
0.480000 0.680000 0.921178 0.903247
0.480000 0.700000 0.903522 0.893841
0.480000 0.720000 0.884271 0.882960
0.480000 0.740000 0.863498 0.870434
0.480000 0.760000 0.841288 0.856081
0.480000 0.780000 0.817726 0.839713
0.480000 0.800000 0.792907 0.821147
0.480000 0.820000 0.766928 0.800213
0.480000 0.840000 0.739891 0.776768
0.480000 0.860000 0.711904 0.750715
0.480000 0.880000 0.683077 0.722019
0.480000 0.900000 0.653523 0.690727
0.480000 0.920000 0.623359 0.656980
0.480000 0.940000 0.592705 0.621028
0.480000 0.960000 0.561681 0.583231
0.480000 0.980000 0.530410 0.544048
0.500000 0.000000 0.500000 0.485093
0.500000 0.020000 0.531395 0.510885
0.500000 0.040000 0.562667 0.539397
0.500000 0.060000 0.593691 0.570374
0.500000 0.080000 0.624345 0.603372
0.500000 0.100000 0.654508 0.637758
0.500000 0.120000 0.684062 0.672735
0.500000 0.140000 0.712889 0.707410
0.500000 0.160000 0.740877 0.740881
0.500000 0.180000 0.767913 0.772339
0.500000 0.200000 0.793892 0.801147
0.500000 0.220000 0.818712 0.826893
0.500000 0.240000 0.842273 0.849397
0.500000 0.260000 0.864484 0.868681
0.500000 0.280000 0.885256 0.884922
0.500000 0.300000 0.904508 0.898394
0.500000 0.320000 0.922164 0.909415
0.500000 0.340000 0.938153 0.918312
0.500000 0.360000 0.952413 0.925388
0.500000 0.380000 0.964888 0.930914
0.500000 0.400000 0.975528 0.935116
0.500000 0.420000 0.984291 0.938182
0.500000 0.440000 0.991144 0.940259
0.500000 0.460000 0.996057 0.941457
0.500000 0.480000 0.999013 0.941857
0.500000 0.500000 1.000000 0.941511
0.500000 0.520000 0.999013 0.940447
0.500000 0.540000 0.996057 0.938672
0.500000 0.560000 0.991144 0.936172
0.500000 0.580000 0.984292 0.932915
0.500000 0.600000 0.975529 0.928849
0.500000 0.620000 0.964889 0.923906
0.500000 0.640000 0.952414 0.917999
0.500000 0.660000 0.938154 0.911025
0.500000 0.680000 0.922164 0.902861
0.500000 0.700000 0.904509 0.893368
0.500000 0.720000 0.885257 0.882390
0.500000 0.740000 0.864485 0.869760
0.500000 0.760000 0.842274 0.855300
0.500000 0.780000 0.818713 0.838828
0.500000 0.800000 0.793893 0.820169
0.500000 0.820000 0.767914 0.799165
0.500000 0.840000 0.740878 0.775685
0.500000 0.860000 0.712891 0.749649
0.500000 0.880000 0.684063 0.721037
0.500000 0.900000 0.654510 0.689910
0.500000 0.920000 0.624346 0.656426
0.500000 0.940000 0.593692 0.620841
0.500000 0.960000 0.562668 0.583518
0.500000 0.980000 0.531397 0.544910
0.520000 0.000000 0.499013 0.483517
0.520000 0.020000 0.530409 0.508634
0.520000 0.040000 0.561680 0.536470
0.520000 0.060000 0.592704 0.566800
0.520000 0.080000 0.623358 0.599221
0.520000 0.100000 0.653522 0.633139
0.520000 0.120000 0.683076 0.667791
0.520000 0.140000 0.711903 0.702309
0.520000 0.160000 0.739890 0.735795
0.520000 0.180000 0.766927 0.767426
0.520000 0.200000 0.792906 0.796536
0.520000 0.220000 0.817725 0.822673
0.520000 0.240000 0.841287 0.845615
0.520000 0.260000 0.863497 0.865349
0.520000 0.280000 0.884270 0.882022
0.520000 0.300000 0.903522 0.895890
0.520000 0.320000 0.921177 0.907261
0.520000 0.340000 0.937167 0.916458
0.520000 0.360000 0.951427 0.923785
0.520000 0.380000 0.963901 0.929516
0.520000 0.400000 0.974542 0.933883
0.520000 0.420000 0.983305 0.937079
0.520000 0.440000 0.990157 0.939253
0.520000 0.460000 0.995071 0.940521
0.520000 0.480000 0.998027 0.940966
0.520000 0.500000 0.999013 0.940642
0.520000 0.520000 0.998027 0.939580
0.520000 0.540000 0.995071 0.937785
0.520000 0.560000 0.990157 0.935246
0.520000 0.580000 0.983305 0.931928
0.520000 0.600000 0.974542 0.927781
0.520000 0.620000 0.963902 0.922735
0.520000 0.640000 0.951427 0.916703
0.520000 0.660000 0.937167 0.909581
0.520000 0.680000 0.921178 0.901245
0.520000 0.700000 0.903522 0.891556
0.520000 0.720000 0.884271 0.880363
0.520000 0.740000 0.863498 0.867499
0.520000 0.760000 0.841288 0.852792
0.520000 0.780000 0.817726 0.836069
0.520000 0.800000 0.792907 0.817166
0.520000 0.820000 0.766928 0.795938
0.520000 0.840000 0.739891 0.772275
0.520000 0.860000 0.711904 0.746113
0.520000 0.880000 0.683077 0.717456
0.520000 0.900000 0.653523 0.686388
0.520000 0.920000 0.623360 0.653083
0.520000 0.940000 0.592705 0.617814
0.520000 0.960000 0.561681 0.580947
0.520000 0.980000 0.530410 0.542934
0.540000 0.000000 0.496057 0.480631
0.540000 0.020000 0.527453 0.505029
0.540000 0.040000 0.558724 0.532142
0.540000 0.060000 0.589748 0.561784
0.540000 0.080000 0.620402 0.593593
0.540000 0.100000 0.650566 0.627016
0.540000 0.120000 0.680120 0.661332
0.540000 0.140000 0.708947 0.695695
0.540000 0.160000 0.736934 0.729218
0.540000 0.180000 0.763971 0.761064
0.540000 0.200000 0.789950 0.790535
0.540000 0.220000 0.814769 0.817137
0.540000 0.240000 0.838331 0.840600
0.540000 0.260000 0.860542 0.860870
0.540000 0.280000 0.881314 0.878060
0.540000 0.300000 0.900566 0.892404
0.540000 0.320000 0.918221 0.904197
0.540000 0.340000 0.934211 0.913755
0.540000 0.360000 0.948471 0.921385
0.540000 0.380000 0.960945 0.927363
0.540000 0.400000 0.971586 0.931926
0.540000 0.420000 0.980349 0.935272
0.540000 0.440000 0.987201 0.937556
0.540000 0.460000 0.992115 0.938897
0.540000 0.480000 0.995071 0.939382
0.540000 0.500000 0.996057 0.939068
0.540000 0.520000 0.995071 0.937985
0.540000 0.540000 0.992115 0.936142
0.540000 0.560000 0.987201 0.933525
0.540000 0.580000 0.980349 0.930101
0.540000 0.600000 0.971586 0.925817
0.540000 0.620000 0.960946 0.920603
0.540000 0.640000 0.948471 0.914371
0.540000 0.660000 0.934211 0.907014
0.540000 0.680000 0.918222 0.898410
0.540000 0.700000 0.900566 0.888420
0.540000 0.720000 0.881315 0.876893
0.540000 0.740000 0.860542 0.863669
0.540000 0.760000 0.838332 0.848581
0.540000 0.780000 0.814770 0.831467
0.540000 0.800000 0.789951 0.812176
0.540000 0.820000 0.763972 0.790583
0.540000 0.840000 0.736935 0.766597
0.540000 0.860000 0.708948 0.740181
0.540000 0.880000 0.680121 0.711367
0.540000 0.900000 0.650567 0.680263
0.540000 0.920000 0.620404 0.647069
0.540000 0.940000 0.589749 0.612075
0.540000 0.960000 0.558725 0.575655
0.540000 0.980000 0.527454 0.538257
0.560000 0.000000 0.491144 0.476550
0.560000 0.020000 0.522539 0.500180
0.560000 0.040000 0.553810 0.526524
0.560000 0.060000 0.584834 0.555433
0.560000 0.080000 0.615489 0.586585
0.560000 0.100000 0.645652 0.619478
0.560000 0.120000 0.675206 0.653429
0.560000 0.140000 0.704033 0.687626
0.560000 0.160000 0.732020 0.721191
0.560000 0.180000 0.759057 0.753275
0.560000 0.200000 0.785036 0.783151
0.560000 0.220000 0.809856 0.810278
0.560000 0.240000 0.833417 0.834336
0.560000 0.260000 0.855628 0.855222
0.560000 0.280000 0.876400 0.873012
0.560000 0.300000 0.895652 0.887910
0.560000 0.320000 0.913307 0.900196
0.560000 0.340000 0.929297 0.910180
0.560000 0.360000 0.943557 0.918166
0.560000 0.380000 0.956032 0.924434
0.560000 0.400000 0.966672 0.929226
0.560000 0.420000 0.975435 0.932745
0.560000 0.440000 0.982287 0.935152
0.560000 0.460000 0.987201 0.936571
0.560000 0.480000 0.990157 0.937092
0.560000 0.500000 0.991144 0.936775
0.560000 0.520000 0.990157 0.935651
0.560000 0.540000 0.987201 0.933730
0.560000 0.560000 0.982288 0.930997
0.560000 0.580000 0.975436 0.927420
0.560000 0.600000 0.966672 0.922943
0.560000 0.620000 0.956032 0.917495
0.560000 0.640000 0.943558 0.910987
0.560000 0.660000 0.929298 0.903310
0.560000 0.680000 0.913308 0.894341
0.560000 0.700000 0.895653 0.883944
0.560000 0.720000 0.876401 0.871969
0.560000 0.740000 0.855629 0.858262
0.560000 0.760000 0.833418 0.842664
0.560000 0.780000 0.809857 0.825027
0.560000 0.800000 0.785037 0.805217
0.560000 0.820000 0.759058 0.783128
0.560000 0.840000 0.732022 0.758698
0.560000 0.860000 0.704034 0.731920
0.560000 0.880000 0.675207 0.702856
0.560000 0.900000 0.645653 0.671646
0.560000 0.920000 0.615490 0.638516
0.560000 0.940000 0.584836 0.603774
0.560000 0.960000 0.553812 0.567805
0.560000 0.980000 0.522540 0.531053
0.580000 0.000000 0.484292 0.471372
0.580000 0.020000 0.515687 0.494188
0.580000 0.040000 0.546958 0.519715
0.580000 0.060000 0.577982 0.547839
0.580000 0.080000 0.608637 0.578285
0.580000 0.100000 0.638800 0.610598
0.580000 0.120000 0.668354 0.644145
0.580000 0.140000 0.697181 0.678145
0.580000 0.160000 0.725168 0.711738
0.580000 0.180000 0.752205 0.744067
0.580000 0.200000 0.778184 0.774375
0.580000 0.220000 0.803004 0.802074
0.580000 0.240000 0.826565 0.826789
0.580000 0.260000 0.848776 0.848365
0.580000 0.280000 0.869548 0.866832
0.580000 0.300000 0.888800 0.882362
0.580000 0.320000 0.906456 0.895214
0.580000 0.340000 0.922445 0.905688
0.580000 0.360000 0.936705 0.914085
0.580000 0.380000 0.949180 0.920688
0.580000 0.400000 0.959820 0.925744
0.580000 0.420000 0.968583 0.929461
0.580000 0.440000 0.975435 0.932007
0.580000 0.460000 0.980349 0.933510
0.580000 0.480000 0.983305 0.934063
0.580000 0.500000 0.984292 0.933730
0.580000 0.520000 0.983305 0.932545
0.580000 0.540000 0.980349 0.930516
0.580000 0.560000 0.975436 0.927629
0.580000 0.580000 0.968584 0.923850
0.580000 0.600000 0.959820 0.919123
0.580000 0.620000 0.949180 0.913374
0.580000 0.640000 0.936706 0.906512
0.580000 0.660000 0.922446 0.898428
0.580000 0.680000 0.906456 0.889000
0.580000 0.700000 0.888801 0.878091
0.580000 0.720000 0.869549 0.865556
0.580000 0.740000 0.848777 0.851248
0.580000 0.760000 0.826566 0.835019
0.580000 0.780000 0.803005 0.816737
0.580000 0.800000 0.778185 0.796287
0.580000 0.820000 0.752206 0.773592
0.580000 0.840000 0.725170 0.748619
0.580000 0.860000 0.697182 0.721394
0.580000 0.880000 0.668355 0.692015
0.580000 0.900000 0.638801 0.660656
0.580000 0.920000 0.608638 0.627568
0.580000 0.940000 0.577984 0.593081
0.580000 0.960000 0.546960 0.557588
0.580000 0.980000 0.515688 0.521526
0.600000 0.000000 0.475529 0.465188
0.600000 0.020000 0.506924 0.487144
0.600000 0.040000 0.538195 0.511802
0.600000 0.060000 0.569219 0.539086
0.600000 0.080000 0.599873 0.568767
0.600000 0.100000 0.630037 0.600443
0.600000 0.120000 0.659591 0.633529
0.600000 0.140000 0.688418 0.667286
0.600000 0.160000 0.716405 0.700875
0.600000 0.180000 0.743442 0.733437
0.600000 0.200000 0.769421 0.764186
0.600000 0.220000 0.794240 0.792488
0.600000 0.240000 0.817802 0.817911
0.600000 0.260000 0.840013 0.840241
0.600000 0.280000 0.860785 0.859458
0.600000 0.300000 0.880037 0.875695
0.600000 0.320000 0.897692 0.889185
0.600000 0.340000 0.913682 0.900215
0.600000 0.360000 0.927942 0.909082
0.600000 0.380000 0.940417 0.916068
0.600000 0.400000 0.951057 0.921425
0.600000 0.420000 0.959820 0.925368
0.600000 0.440000 0.966672 0.928068
0.600000 0.460000 0.971586 0.929662
0.600000 0.480000 0.974542 0.930245
0.600000 0.500000 0.975529 0.929885
0.600000 0.520000 0.974542 0.928615
0.600000 0.540000 0.971586 0.926447
0.600000 0.560000 0.966672 0.923366
0.600000 0.580000 0.959820 0.919336
0.600000 0.600000 0.951057 0.914299
0.600000 0.620000 0.940417 0.908181
0.600000 0.640000 0.927942 0.900888
0.600000 0.660000 0.913682 0.892310
0.600000 0.680000 0.897693 0.882326
0.600000 0.700000 0.880038 0.870802
0.600000 0.720000 0.860786 0.857598
0.600000 0.740000 0.840013 0.842577
0.600000 0.760000 0.817803 0.825606
0.600000 0.780000 0.794241 0.806570
0.600000 0.800000 0.769422 0.785380
0.600000 0.820000 0.743443 0.761989
0.600000 0.840000 0.716406 0.736398
0.600000 0.860000 0.688419 0.708672
0.600000 0.880000 0.659592 0.678944
0.600000 0.900000 0.630038 0.647423
0.600000 0.920000 0.599875 0.614389
0.600000 0.940000 0.569220 0.580188
0.600000 0.960000 0.538196 0.545217
0.600000 0.980000 0.506925 0.509905
0.620000 0.000000 0.464889 0.458078
0.620000 0.020000 0.496284 0.479127
0.620000 0.040000 0.527555 0.502863
0.620000 0.060000 0.558579 0.529248
0.620000 0.080000 0.589233 0.558100
0.620000 0.100000 0.619397 0.589070
0.620000 0.120000 0.648951 0.621627
0.620000 0.140000 0.677778 0.655078
0.620000 0.160000 0.705765 0.688611
0.620000 0.180000 0.732802 0.721372
0.620000 0.200000 0.758781 0.752552
0.620000 0.220000 0.783600 0.781471
0.620000 0.240000 0.807162 0.807639
0.620000 0.260000 0.829373 0.830777
0.620000 0.280000 0.850145 0.850810
0.620000 0.300000 0.869397 0.867826
0.620000 0.320000 0.887052 0.882027
0.620000 0.340000 0.903042 0.893681
0.620000 0.360000 0.917302 0.903076
0.620000 0.380000 0.929777 0.910495
0.620000 0.400000 0.940417 0.916194
0.620000 0.420000 0.949180 0.920391
0.620000 0.440000 0.956032 0.923266
0.620000 0.460000 0.960946 0.924958
0.620000 0.480000 0.963902 0.925569
0.620000 0.500000 0.964889 0.925168
0.620000 0.520000 0.963902 0.923793
0.620000 0.540000 0.960946 0.921455
0.620000 0.560000 0.956032 0.918138
0.620000 0.580000 0.949180 0.913804
0.620000 0.600000 0.940417 0.908397
0.620000 0.620000 0.929777 0.901839
0.620000 0.640000 0.917302 0.894034
0.620000 0.660000 0.903042 0.884875
0.620000 0.680000 0.887053 0.874240
0.620000 0.700000 0.869398 0.862001
0.620000 0.720000 0.850146 0.848027
0.620000 0.740000 0.829374 0.832190
0.620000 0.760000 0.807163 0.814377
0.620000 0.780000 0.783601 0.794496
0.620000 0.800000 0.758782 0.772487
0.620000 0.820000 0.732803 0.748336
0.620000 0.840000 0.705766 0.722084
0.620000 0.860000 0.677779 0.693835
0.620000 0.880000 0.648952 0.663759
0.620000 0.900000 0.619398 0.632100
0.620000 0.920000 0.589235 0.599163
0.620000 0.940000 0.558580 0.565307
0.620000 0.960000 0.527556 0.530928
0.620000 0.980000 0.496285 0.496443
0.640000 0.000000 0.452414 0.450113
0.640000 0.020000 0.483809 0.470207
0.640000 0.040000 0.515080 0.492967
0.640000 0.060000 0.546104 0.518391
0.640000 0.080000 0.576759 0.546344
0.640000 0.100000 0.606922 0.576531
0.640000 0.120000 0.636476 0.608478
0.640000 0.140000 0.665303 0.641543
0.640000 0.160000 0.693291 0.674950
0.640000 0.180000 0.720327 0.707856
0.640000 0.200000 0.746306 0.739435
0.640000 0.220000 0.771126 0.768966
0.640000 0.240000 0.794687 0.795897
0.640000 0.260000 0.816898 0.819886
0.640000 0.280000 0.837670 0.840793
0.640000 0.300000 0.856922 0.858655
0.640000 0.320000 0.874578 0.873638
0.640000 0.340000 0.890567 0.885983
0.640000 0.360000 0.904827 0.895969
0.640000 0.380000 0.917302 0.903875
0.640000 0.400000 0.927942 0.909957
0.640000 0.420000 0.936705 0.914441
0.640000 0.440000 0.943557 0.917510
0.640000 0.460000 0.948471 0.919309
0.640000 0.480000 0.951427 0.919947
0.640000 0.500000 0.952414 0.919494
0.640000 0.520000 0.951427 0.917991
0.640000 0.540000 0.948471 0.915448
0.640000 0.560000 0.943558 0.911852
0.640000 0.580000 0.936706 0.907163
0.640000 0.600000 0.927942 0.901322
0.640000 0.620000 0.917302 0.894252
0.640000 0.640000 0.904828 0.885856
0.640000 0.660000 0.890568 0.876029
0.640000 0.680000 0.874578 0.864652
0.640000 0.700000 0.856923 0.851603
0.640000 0.720000 0.837671 0.836763
0.640000 0.740000 0.816899 0.820021
0.640000 0.760000 0.794688 0.801283
0.640000 0.780000 0.771127 0.780487
0.640000 0.800000 0.746307 0.757606
0.640000 0.820000 0.720328 0.732664
0.640000 0.840000 0.693292 0.705741
0.640000 0.860000 0.665305 0.676983
0.640000 0.880000 0.636477 0.646598
0.640000 0.900000 0.606924 0.614861
0.640000 0.920000 0.576760 0.582095
0.640000 0.940000 0.546106 0.548670
0.640000 0.960000 0.515082 0.514976
0.640000 0.980000 0.483810 0.481407
0.660000 0.000000 0.438154 0.441354
0.660000 0.020000 0.469549 0.460448
0.660000 0.040000 0.500820 0.482179
0.660000 0.060000 0.531844 0.506578
0.660000 0.080000 0.562499 0.533556
0.660000 0.100000 0.592662 0.562874
0.660000 0.120000 0.622216 0.594118
0.660000 0.140000 0.651043 0.626703
0.660000 0.160000 0.679030 0.659894
0.660000 0.180000 0.706067 0.692869
0.660000 0.200000 0.732046 0.724792
0.660000 0.220000 0.756866 0.754907
0.660000 0.240000 0.780427 0.782603
0.660000 0.260000 0.802638 0.807469
0.660000 0.280000 0.823410 0.829298
0.660000 0.300000 0.842662 0.848068
0.660000 0.320000 0.860317 0.863898
0.660000 0.340000 0.876307 0.877003
0.660000 0.360000 0.890567 0.887644
0.660000 0.380000 0.903042 0.896091
0.660000 0.400000 0.913682 0.902602
0.660000 0.420000 0.922445 0.907406
0.660000 0.440000 0.929297 0.910691
0.660000 0.460000 0.934211 0.912610
0.660000 0.480000 0.937167 0.913273
0.660000 0.500000 0.938154 0.912756
0.660000 0.520000 0.937167 0.911101
0.660000 0.540000 0.934211 0.908321
0.660000 0.560000 0.929298 0.904400
0.660000 0.580000 0.922446 0.899301
0.660000 0.600000 0.913682 0.892963
0.660000 0.620000 0.903042 0.885309
0.660000 0.640000 0.890568 0.876244
0.660000 0.660000 0.876308 0.865664
0.660000 0.680000 0.860318 0.853458
0.660000 0.700000 0.842663 0.839514
0.660000 0.720000 0.823411 0.823726
0.660000 0.740000 0.802639 0.806005
0.660000 0.760000 0.780428 0.786283
0.660000 0.780000 0.756867 0.764529
0.660000 0.800000 0.732047 0.740754
0.660000 0.820000 0.706068 0.715022
0.660000 0.840000 0.679032 0.687457
0.660000 0.860000 0.651044 0.658244
0.660000 0.880000 0.622217 0.627627
0.660000 0.900000 0.592663 0.595904
0.660000 0.920000 0.562500 0.563416
0.660000 0.940000 0.531846 0.530532
0.660000 0.960000 0.500822 0.497629
0.660000 0.980000 0.469550 0.465077
0.680000 0.000000 0.422164 0.431858
0.680000 0.020000 0.453560 0.449909
0.680000 0.040000 0.484831 0.470556
0.680000 0.060000 0.515855 0.493864
0.680000 0.080000 0.546509 0.519789
0.680000 0.100000 0.576673 0.548146
0.680000 0.120000 0.606227 0.578585
0.680000 0.140000 0.635054 0.610579
0.680000 0.160000 0.663041 0.643446
0.680000 0.180000 0.690078 0.676392
0.680000 0.200000 0.716057 0.708581
0.680000 0.220000 0.740876 0.739227
0.680000 0.240000 0.764438 0.767667
0.680000 0.260000 0.786649 0.793418
0.680000 0.280000 0.807421 0.816202
0.680000 0.300000 0.826673 0.835931
0.680000 0.320000 0.844328 0.852673
0.680000 0.340000 0.860318 0.866603
0.680000 0.360000 0.874578 0.877961
0.680000 0.380000 0.887053 0.887007
0.680000 0.400000 0.897693 0.893995
0.680000 0.420000 0.906456 0.899156
0.680000 0.440000 0.913308 0.902683
0.680000 0.460000 0.918222 0.904733
0.680000 0.480000 0.921178 0.905421
0.680000 0.500000 0.922164 0.904828
0.680000 0.520000 0.921178 0.902999
0.680000 0.540000 0.918222 0.899947
0.680000 0.560000 0.913308 0.895658
0.680000 0.580000 0.906456 0.890094
0.680000 0.600000 0.897693 0.883196
0.680000 0.620000 0.887053 0.874887
0.680000 0.640000 0.874578 0.865077
0.680000 0.660000 0.860318 0.853667
0.680000 0.680000 0.844329 0.840554
0.680000 0.700000 0.826673 0.825641
0.680000 0.720000 0.807422 0.808842
0.680000 0.740000 0.786649 0.790090
0.680000 0.760000 0.764439 0.769350
0.680000 0.780000 0.740877 0.746626
0.680000 0.800000 0.716058 0.721972
0.680000 0.820000 0.690079 0.695492
0.680000 0.840000 0.663042 0.667353
0.680000 0.860000 0.635055 0.637777
0.680000 0.880000 0.606228 0.607039
0.680000 0.900000 0.576674 0.575456
0.680000 0.920000 0.546511 0.543376
0.680000 0.940000 0.515856 0.511161
0.680000 0.960000 0.484832 0.479169
0.680000 0.980000 0.453561 0.447738
0.700000 0.000000 0.404509 0.421677
0.700000 0.020000 0.435904 0.438641
0.700000 0.040000 0.467176 0.458152
0.700000 0.060000 0.498200 0.480304
0.700000 0.080000 0.528854 0.505095
0.700000 0.100000 0.559017 0.532395
0.700000 0.120000 0.588571 0.561917
0.700000 0.140000 0.617399 0.593199
0.700000 0.160000 0.645386 0.625616
0.700000 0.180000 0.672422 0.658411
0.700000 0.200000 0.698401 0.690763
0.700000 0.220000 0.723221 0.721862
0.700000 0.240000 0.746782 0.750998
0.700000 0.260000 0.768993 0.777621
0.700000 0.280000 0.789765 0.801376
0.700000 0.300000 0.809017 0.822104
0.700000 0.320000 0.826673 0.839810
0.700000 0.340000 0.842662 0.854628
0.700000 0.360000 0.856922 0.866766
0.700000 0.380000 0.869397 0.876469
0.700000 0.400000 0.880037 0.883984
0.700000 0.420000 0.888800 0.889540
0.700000 0.440000 0.895653 0.893336
0.700000 0.460000 0.900566 0.895532
0.700000 0.480000 0.903522 0.896248
0.700000 0.500000 0.904509 0.895569
0.700000 0.520000 0.903522 0.893543
0.700000 0.540000 0.900566 0.890185
0.700000 0.560000 0.895653 0.885484
0.700000 0.580000 0.888801 0.879402
0.700000 0.600000 0.880038 0.871884
0.700000 0.620000 0.869398 0.862855
0.700000 0.640000 0.856923 0.852231
0.700000 0.660000 0.842663 0.839922
0.700000 0.680000 0.826673 0.825839
0.700000 0.700000 0.809018 0.809901
0.700000 0.720000 0.789766 0.792048
0.700000 0.740000 0.768994 0.772242
0.700000 0.760000 0.746783 0.750483
0.700000 0.780000 0.723222 0.726816
0.700000 0.800000 0.698403 0.701335
0.700000 0.820000 0.672423 0.674190
0.700000 0.840000 0.645387 0.645584
0.700000 0.860000 0.617400 0.615775
0.700000 0.880000 0.588572 0.585059
0.700000 0.900000 0.559019 0.553767
0.700000 0.920000 0.528855 0.522244
0.700000 0.940000 0.498201 0.490838
0.700000 0.960000 0.467177 0.459880
0.700000 0.980000 0.435906 0.429672
0.720000 0.000000 0.385257 0.410855
0.720000 0.020000 0.416652 0.426693
0.720000 0.040000 0.447924 0.445017
0.720000 0.060000 0.478948 0.465949
0.720000 0.080000 0.509602 0.489526
0.720000 0.100000 0.539766 0.515671
0.720000 0.120000 0.569319 0.544159
0.720000 0.140000 0.598147 0.574595
0.720000 0.160000 0.626134 0.606420
0.720000 0.180000 0.653170 0.638923
0.720000 0.200000 0.679150 0.671306
0.720000 0.220000 0.703969 0.702752
0.720000 0.240000 0.727531 0.732510
0.720000 0.260000 0.749741 0.759965
0.720000 0.280000 0.770514 0.784684
0.720000 0.300000 0.789765 0.806432
0.720000 0.320000 0.807421 0.825147
0.720000 0.340000 0.823410 0.840908
0.720000 0.360000 0.837671 0.853886
0.720000 0.380000 0.850145 0.864303
0.720000 0.400000 0.860785 0.872395
0.720000 0.420000 0.869549 0.878389
0.720000 0.440000 0.876401 0.882484
0.720000 0.460000 0.881315 0.884842
0.720000 0.480000 0.884271 0.885591
0.720000 0.500000 0.885257 0.884818
0.720000 0.520000 0.884271 0.882574
0.720000 0.540000 0.881315 0.878880
0.720000 0.560000 0.876401 0.873725
0.720000 0.580000 0.869549 0.867078
0.720000 0.600000 0.860786 0.858884
0.720000 0.620000 0.850146 0.849077
0.720000 0.640000 0.837671 0.837581
0.720000 0.660000 0.823411 0.824320
0.720000 0.680000 0.807422 0.809221
0.720000 0.700000 0.789766 0.792228
0.720000 0.720000 0.770514 0.773307
0.720000 0.740000 0.749742 0.752456
0.720000 0.760000 0.727532 0.729715
0.720000 0.780000 0.703970 0.705170
0.720000 0.800000 0.679151 0.678958
0.720000 0.820000 0.653172 0.651269
0.720000 0.840000 0.626135 0.622342
0.720000 0.860000 0.598148 0.592461
0.720000 0.880000 0.569321 0.561938
0.720000 0.900000 0.539767 0.531106
0.720000 0.920000 0.509603 0.500301
0.720000 0.940000 0.478949 0.469847
0.720000 0.960000 0.447925 0.440043
0.720000 0.980000 0.416654 0.411154
0.740000 0.000000 0.364485 0.399437
0.740000 0.020000 0.395880 0.414112
0.740000 0.040000 0.427152 0.431202
0.740000 0.060000 0.458176 0.450853
0.740000 0.080000 0.488830 0.473138
0.740000 0.100000 0.518993 0.498028
0.740000 0.120000 0.548547 0.525360
0.740000 0.140000 0.577374 0.554811
0.740000 0.160000 0.605362 0.585886
0.740000 0.180000 0.632398 0.617936
0.740000 0.200000 0.658377 0.650196
0.740000 0.220000 0.683197 0.681853
0.740000 0.240000 0.706758 0.712125
0.740000 0.260000 0.728969 0.740341
0.740000 0.280000 0.749741 0.765993
0.740000 0.300000 0.768993 0.788762
0.740000 0.320000 0.786649 0.808512
0.740000 0.340000 0.802638 0.825260
0.740000 0.360000 0.816898 0.839132
0.740000 0.380000 0.829373 0.850319
0.740000 0.400000 0.840013 0.859041
0.740000 0.420000 0.848776 0.865515
0.740000 0.440000 0.855629 0.869940
0.740000 0.460000 0.860542 0.872482
0.740000 0.480000 0.863498 0.873271
0.740000 0.500000 0.864485 0.872399
0.740000 0.520000 0.863498 0.869922
0.740000 0.540000 0.860542 0.865864
0.740000 0.560000 0.855629 0.860222
0.740000 0.580000 0.848777 0.852966
0.740000 0.600000 0.840013 0.844052
0.740000 0.620000 0.829374 0.833422
0.740000 0.640000 0.816899 0.821013
0.740000 0.660000 0.802639 0.806765
0.740000 0.680000 0.786649 0.790630
0.740000 0.700000 0.768994 0.772580
0.740000 0.720000 0.749742 0.752613
0.740000 0.740000 0.728970 0.730766
0.740000 0.760000 0.706759 0.707120
0.740000 0.780000 0.683198 0.681805
0.740000 0.800000 0.658378 0.654997
0.740000 0.820000 0.632399 0.626925
0.740000 0.840000 0.605363 0.597856
0.740000 0.860000 0.577376 0.568090
0.740000 0.880000 0.548548 0.537948
0.740000 0.900000 0.518995 0.507755
0.740000 0.920000 0.488831 0.477830
0.740000 0.940000 0.458177 0.448467
0.740000 0.960000 0.427153 0.419929
0.740000 0.980000 0.395882 0.392440
0.760000 0.000000 0.342274 0.387462
0.760000 0.020000 0.373670 0.400943
0.760000 0.040000 0.404941 0.416757
0.760000 0.060000 0.435965 0.435070
0.760000 0.080000 0.466619 0.455988
0.760000 0.100000 0.496783 0.479526
0.760000 0.120000 0.526336 0.505582
0.760000 0.140000 0.555164 0.533900
0.760000 0.160000 0.583151 0.564060
0.760000 0.180000 0.610187 0.595478
0.760000 0.200000 0.636167 0.627435
0.760000 0.220000 0.660986 0.659136
0.760000 0.240000 0.684548 0.689783
0.760000 0.260000 0.706758 0.718656
0.760000 0.280000 0.727531 0.745176
0.760000 0.300000 0.746783 0.768941
0.760000 0.320000 0.764438 0.789733
0.760000 0.340000 0.780427 0.807499
0.760000 0.360000 0.794688 0.822309
0.760000 0.380000 0.807162 0.834316
0.760000 0.400000 0.817802 0.843717
0.760000 0.420000 0.826566 0.850716
0.760000 0.440000 0.833418 0.855507
0.760000 0.460000 0.838332 0.858256
0.760000 0.480000 0.841288 0.859097
0.760000 0.500000 0.842274 0.858127
0.760000 0.520000 0.841288 0.855407
0.760000 0.540000 0.838332 0.850967
0.760000 0.560000 0.833418 0.844810
0.760000 0.580000 0.826566 0.836916
0.760000 0.600000 0.817803 0.827251
0.760000 0.620000 0.807163 0.815770
0.760000 0.640000 0.794688 0.802428
0.760000 0.660000 0.780428 0.787188
0.760000 0.680000 0.764439 0.770028
0.760000 0.700000 0.746783 0.750954
0.760000 0.720000 0.727532 0.730001
0.760000 0.740000 0.706759 0.707249
0.760000 0.760000 0.684549 0.682819
0.760000 0.780000 0.660987 0.656882
0.760000 0.800000 0.636168 0.629653
0.760000 0.820000 0.610189 0.601391
0.760000 0.840000 0.583152 0.572382
0.760000 0.860000 0.555165 0.542937
0.760000 0.880000 0.526338 0.513373
0.760000 0.900000 0.496784 0.484000
0.760000 0.920000 0.466620 0.455110
0.760000 0.940000 0.435966 0.426966
0.760000 0.960000 0.404942 0.399791
0.760000 0.980000 0.373671 0.373766
0.780000 0.000000 0.318713 0.374971
0.780000 0.020000 0.350108 0.387231
0.780000 0.040000 0.381379 0.401733
0.780000 0.060000 0.412403 0.418658
0.780000 0.080000 0.443058 0.438139
0.780000 0.100000 0.473221 0.460234
0.780000 0.120000 0.502775 0.484894
0.780000 0.140000 0.531602 0.511933
0.780000 0.160000 0.559589 0.541005
0.780000 0.180000 0.586626 0.571598
0.780000 0.200000 0.612605 0.603051
0.780000 0.220000 0.637425 0.634601
0.780000 0.240000 0.660986 0.665450
0.780000 0.260000 0.683197 0.694840
0.780000 0.280000 0.703969 0.722128
0.780000 0.300000 0.723221 0.746830
0.780000 0.320000 0.740877 0.768645
0.780000 0.340000 0.756866 0.787438
0.780000 0.360000 0.771126 0.803217
0.780000 0.380000 0.783601 0.816088
0.780000 0.400000 0.794241 0.826213
0.780000 0.420000 0.803004 0.833781
0.780000 0.440000 0.809856 0.838975
0.780000 0.460000 0.814770 0.841960
0.780000 0.480000 0.817726 0.842871
0.780000 0.500000 0.818713 0.841811
0.780000 0.520000 0.817726 0.838847
0.780000 0.540000 0.814770 0.834017
0.780000 0.560000 0.809857 0.827333
0.780000 0.580000 0.803005 0.818787
0.780000 0.600000 0.794241 0.808360
0.780000 0.620000 0.783601 0.796024
0.780000 0.640000 0.771127 0.781758
0.780000 0.660000 0.756867 0.765551
0.780000 0.680000 0.740877 0.747415
0.780000 0.700000 0.723222 0.727391
0.780000 0.720000 0.703970 0.705557
0.780000 0.740000 0.683198 0.682032
0.780000 0.760000 0.660987 0.656980
0.780000 0.780000 0.637426 0.630609
0.780000 0.800000 0.612606 0.603166
0.780000 0.820000 0.586627 0.574931
0.780000 0.840000 0.559591 0.546203
0.780000 0.860000 0.531603 0.517291
0.780000 0.880000 0.502776 0.488501
0.780000 0.900000 0.473222 0.460119
0.780000 0.920000 0.443059 0.432408
0.780000 0.940000 0.412405 0.405591
0.780000 0.960000 0.381381 0.379855
0.780000 0.980000 0.350109 0.355342
0.800000 0.000000 0.293893 0.362004
0.800000 0.020000 0.325289 0.373022
0.800000 0.040000 0.356560 0.386182
0.800000 0.060000 0.387584 0.401676
0.800000 0.080000 0.418238 0.419660
0.800000 0.100000 0.448402 0.440228
0.800000 0.120000 0.477956 0.463381
0.800000 0.140000 0.506783 0.488998
0.800000 0.160000 0.534770 0.516808
0.800000 0.180000 0.561807 0.546374
0.800000 0.200000 0.587786 0.577106
0.800000 0.220000 0.612605 0.608285
0.800000 0.240000 0.636167 0.639127
0.800000 0.260000 0.658378 0.668856
0.800000 0.280000 0.679150 0.696772
0.800000 0.300000 0.698402 0.722317
0.800000 0.320000 0.716057 0.745101
0.800000 0.340000 0.732047 0.764907
0.800000 0.360000 0.746307 0.781667
0.800000 0.380000 0.758782 0.795431
0.800000 0.400000 0.769422 0.806322
0.800000 0.420000 0.778185 0.814500
0.800000 0.440000 0.785037 0.820136
0.800000 0.460000 0.789951 0.823390
0.800000 0.480000 0.792907 0.824397
0.800000 0.500000 0.793893 0.823265
0.800000 0.520000 0.792907 0.820068
0.800000 0.540000 0.789951 0.814855
0.800000 0.560000 0.785037 0.807650
0.800000 0.580000 0.778185 0.798461
0.800000 0.600000 0.769422 0.787285
0.800000 0.620000 0.758782 0.774121
0.800000 0.640000 0.746307 0.758974
0.800000 0.660000 0.732047 0.741864
0.800000 0.680000 0.716058 0.722842
0.800000 0.700000 0.698403 0.701986
0.800000 0.720000 0.679151 0.679416
0.800000 0.740000 0.658378 0.655294
0.800000 0.760000 0.636168 0.629820
0.800000 0.780000 0.612606 0.603234
0.800000 0.800000 0.587787 0.575808
0.800000 0.820000 0.561808 0.547834
0.800000 0.840000 0.534771 0.519612
0.800000 0.860000 0.506784 0.491444
0.800000 0.880000 0.477957 0.463612
0.800000 0.900000 0.448403 0.436377
0.800000 0.920000 0.418240 0.409966
0.800000 0.940000 0.387585 0.384565
0.800000 0.960000 0.356561 0.360323
0.800000 0.980000 0.325290 0.337344
0.820000 0.000000 0.267914 0.348603
0.820000 0.020000 0.299310 0.358365
0.820000 0.040000 0.330581 0.370162
0.820000 0.060000 0.361605 0.384193
0.820000 0.080000 0.392259 0.400630
0.820000 0.100000 0.422423 0.419597
0.820000 0.120000 0.451976 0.441141
0.820000 0.140000 0.480804 0.465201
0.820000 0.160000 0.508791 0.491577
0.820000 0.180000 0.535828 0.519915
0.820000 0.200000 0.561807 0.549696
0.820000 0.220000 0.586626 0.580262
0.820000 0.240000 0.610188 0.610862
0.820000 0.260000 0.632398 0.640713
0.820000 0.280000 0.653171 0.669077
0.820000 0.300000 0.672423 0.695329
0.820000 0.320000 0.690078 0.718992
0.820000 0.340000 0.706067 0.739763
0.820000 0.360000 0.720328 0.757492
0.820000 0.380000 0.732802 0.772163
0.820000 0.400000 0.743442 0.783848
0.820000 0.420000 0.752206 0.792674
0.820000 0.440000 0.759058 0.798793
0.820000 0.460000 0.763972 0.802354
0.820000 0.480000 0.766928 0.803492
0.820000 0.500000 0.767914 0.802318
0.820000 0.520000 0.766928 0.798916
0.820000 0.540000 0.763972 0.793346
0.820000 0.560000 0.759058 0.785649
0.820000 0.580000 0.752206 0.775851
0.820000 0.600000 0.743443 0.763974
0.820000 0.620000 0.732803 0.750044
0.820000 0.640000 0.720328 0.734096
0.820000 0.660000 0.706068 0.716191
0.820000 0.680000 0.690079 0.696414
0.820000 0.700000 0.672423 0.674888
0.820000 0.720000 0.653172 0.651771
0.820000 0.740000 0.632399 0.627263
0.820000 0.760000 0.610189 0.601599
0.820000 0.780000 0.586627 0.575041
0.820000 0.800000 0.561808 0.547876
0.820000 0.820000 0.535829 0.520399
0.820000 0.840000 0.508792 0.492905
0.820000 0.860000 0.480805 0.465676
0.820000 0.880000 0.451978 0.438970
0.820000 0.900000 0.422424 0.413015
0.820000 0.920000 0.392260 0.388000
0.820000 0.940000 0.361606 0.364079
0.820000 0.960000 0.330582 0.341361
0.820000 0.980000 0.299311 0.319921
0.840000 0.000000 0.240878 0.334809
0.840000 0.020000 0.272273 0.343312
0.840000 0.040000 0.303544 0.353734
0.840000 0.060000 0.334568 0.366279
0.840000 0.080000 0.365223 0.381131
0.840000 0.100000 0.395386 0.398439
0.840000 0.120000 0.424940 0.418288
0.840000 0.140000 0.453767 0.440669
0.840000 0.160000 0.481754 0.465453
0.840000 0.180000 0.508791 0.492362
0.840000 0.200000 0.534770 0.520960
0.840000 0.220000 0.559590 0.550659
0.840000 0.240000 0.583151 0.580754
0.840000 0.260000 0.605362 0.610477
0.840000 0.280000 0.626134 0.639069
0.840000 0.300000 0.645386 0.665847
0.840000 0.320000 0.663042 0.690258
0.840000 0.340000 0.679031 0.711909
0.840000 0.360000 0.693291 0.730565
0.840000 0.380000 0.705766 0.746134
0.840000 0.400000 0.716406 0.758629
0.840000 0.420000 0.725169 0.768135
0.840000 0.440000 0.732021 0.774776
0.840000 0.460000 0.736935 0.778689
0.840000 0.480000 0.739891 0.780002
0.840000 0.500000 0.740878 0.778831
0.840000 0.520000 0.739891 0.775270
0.840000 0.540000 0.736935 0.769394
0.840000 0.560000 0.732022 0.761261
0.840000 0.580000 0.725170 0.750922
0.840000 0.600000 0.716406 0.738426
0.840000 0.620000 0.705766 0.723830
0.840000 0.640000 0.693292 0.707207
0.840000 0.660000 0.679032 0.688654
0.840000 0.680000 0.663042 0.668299
0.840000 0.700000 0.645387 0.646303
0.840000 0.720000 0.626135 0.622864
0.840000 0.740000 0.605363 0.598213
0.840000 0.760000 0.583152 0.572610
0.840000 0.780000 0.559591 0.546334
0.840000 0.800000 0.534771 0.519676
0.840000 0.820000 0.508792 0.492927
0.840000 0.840000 0.481756 0.466367
0.840000 0.860000 0.453768 0.440253
0.840000 0.880000 0.424941 0.414813
0.840000 0.900000 0.395387 0.390243
0.840000 0.920000 0.365224 0.366696
0.840000 0.940000 0.334570 0.344290
0.840000 0.960000 0.303546 0.323105
0.840000 0.980000 0.272274 0.303187
0.860000 0.000000 0.212891 0.320671
0.860000 0.020000 0.244286 0.327917
0.860000 0.040000 0.275557 0.336964
0.860000 0.060000 0.306581 0.348014
0.860000 0.080000 0.337236 0.361259
0.860000 0.100000 0.367399 0.376866
0.860000 0.120000 0.396953 0.394950
0.860000 0.140000 0.425780 0.415549
0.860000 0.160000 0.453767 0.438598
0.860000 0.180000 0.480804 0.463894
0.860000 0.200000 0.506783 0.491083
0.860000 0.220000 0.531602 0.519656
0.860000 0.240000 0.555164 0.548968
0.860000 0.260000 0.577375 0.578285
0.860000 0.280000 0.598147 0.606846
0.860000 0.300000 0.617399 0.633927
0.860000 0.320000 0.635054 0.658910
0.860000 0.340000 0.651044 0.681315
0.860000 0.360000 0.665304 0.700821
0.860000 0.380000 0.677779 0.717252
0.860000 0.400000 0.688419 0.730553
0.860000 0.420000 0.697182 0.740760
0.860000 0.440000 0.704034 0.747961
0.860000 0.460000 0.708948 0.752273
0.860000 0.480000 0.711904 0.753818
0.860000 0.500000 0.712891 0.752713
0.860000 0.520000 0.711904 0.749062
0.860000 0.540000 0.708948 0.742956
0.860000 0.560000 0.704034 0.734475
0.860000 0.580000 0.697182 0.723697
0.860000 0.600000 0.688419 0.710703
0.860000 0.620000 0.677779 0.695583
0.860000 0.640000 0.665305 0.678451
0.860000 0.660000 0.651044 0.659441
0.860000 0.680000 0.635055 0.638722
0.860000 0.700000 0.617400 0.616493
0.860000 0.720000 0.598148 0.592983
0.860000 0.740000 0.577376 0.568450
0.860000 0.760000 0.555165 0.543169
0.860000 0.780000 0.531603 0.517428
0.860000 0.800000 0.506784 0.491514
0.860000 0.820000 0.480805 0.465706
0.860000 0.840000 0.453768 0.440261
0.860000 0.860000 0.425781 0.415410
0.860000 0.880000 0.396954 0.391348
0.860000 0.900000 0.367400 0.368238
0.860000 0.920000 0.337237 0.346201
0.860000 0.940000 0.306583 0.325323
0.860000 0.960000 0.275559 0.305658
0.860000 0.980000 0.244287 0.287228
0.880000 0.000000 0.184063 0.306236
0.880000 0.020000 0.215459 0.312240
0.880000 0.040000 0.246730 0.319923
0.880000 0.060000 0.277754 0.329483
0.880000 0.080000 0.308408 0.341116
0.880000 0.100000 0.338572 0.354999
0.880000 0.120000 0.368125 0.371271
0.880000 0.140000 0.396953 0.390010
0.880000 0.160000 0.424940 0.411204
0.880000 0.180000 0.451977 0.434722
0.880000 0.200000 0.477956 0.460291
0.880000 0.220000 0.502775 0.487485
0.880000 0.240000 0.526337 0.515733
0.880000 0.260000 0.548547 0.544350
0.880000 0.280000 0.569320 0.572591
0.880000 0.300000 0.588572 0.599714
0.880000 0.320000 0.606227 0.625049
0.880000 0.340000 0.622216 0.648040
0.880000 0.360000 0.636477 0.668278
0.880000 0.380000 0.648951 0.685502
0.880000 0.400000 0.659591 0.699584
0.880000 0.420000 0.668355 0.710498
0.880000 0.440000 0.675207 0.718292
0.880000 0.460000 0.680121 0.723055
0.880000 0.480000 0.683077 0.724898
0.880000 0.500000 0.684063 0.723939
0.880000 0.520000 0.683077 0.720289
0.880000 0.540000 0.680121 0.714059
0.880000 0.560000 0.675207 0.705352
0.880000 0.580000 0.668355 0.694274
0.880000 0.600000 0.659592 0.680941
0.880000 0.620000 0.648952 0.665480
0.880000 0.640000 0.636477 0.648042
0.880000 0.660000 0.622217 0.628802
0.880000 0.680000 0.606228 0.607965
0.880000 0.700000 0.588572 0.585762
0.880000 0.720000 0.569321 0.562448
0.880000 0.740000 0.548548 0.538299
0.880000 0.760000 0.526338 0.513599
0.880000 0.780000 0.502776 0.488635
0.880000 0.800000 0.477957 0.463683
0.880000 0.820000 0.451978 0.439001
0.880000 0.840000 0.424941 0.414823
0.880000 0.860000 0.396954 0.391350
0.880000 0.880000 0.368127 0.368747
0.880000 0.900000 0.338573 0.347142
0.880000 0.920000 0.308409 0.326630
0.880000 0.940000 0.277755 0.307270
0.880000 0.960000 0.246731 0.289093
0.880000 0.980000 0.215460 0.272102
0.900000 0.000000 0.154510 0.291559
0.900000 0.020000 0.185905 0.296346
0.900000 0.040000 0.217176 0.302689
0.900000 0.060000 0.248200 0.310780
0.900000 0.080000 0.278854 0.320813
0.900000 0.100000 0.309018 0.332970
0.900000 0.120000 0.338572 0.347408
0.900000 0.140000 0.367399 0.364235
0.900000 0.160000 0.395386 0.383485
0.900000 0.180000 0.422423 0.405091
0.900000 0.200000 0.448402 0.428856
0.900000 0.220000 0.473221 0.454438
0.900000 0.240000 0.496783 0.481347
0.900000 0.260000 0.518994 0.508963
0.900000 0.280000 0.539766 0.536578
0.900000 0.300000 0.559018 0.563452
0.900000 0.320000 0.576673 0.588880
0.900000 0.340000 0.592663 0.612245
0.900000 0.360000 0.606923 0.633058
0.900000 0.380000 0.619398 0.650973
0.900000 0.400000 0.630038 0.665782
0.900000 0.420000 0.638801 0.677392
0.900000 0.440000 0.645653 0.685802
0.900000 0.460000 0.650567 0.691068
0.900000 0.480000 0.653523 0.693286
0.900000 0.500000 0.654510 0.692567
0.900000 0.520000 0.653523 0.689035
0.900000 0.540000 0.650567 0.682813
0.900000 0.560000 0.645653 0.674033
0.900000 0.580000 0.638801 0.662829
0.900000 0.600000 0.630038 0.649352
0.900000 0.620000 0.619398 0.633766
0.900000 0.640000 0.606924 0.616259
0.900000 0.660000 0.592663 0.597043
0.900000 0.680000 0.576674 0.576353
0.900000 0.700000 0.559019 0.554447
0.900000 0.720000 0.539767 0.531600
0.900000 0.740000 0.518995 0.508095
0.900000 0.760000 0.496784 0.484220
0.900000 0.780000 0.473222 0.460250
0.900000 0.800000 0.448403 0.436447
0.900000 0.820000 0.422424 0.413046
0.900000 0.840000 0.395387 0.390253
0.900000 0.860000 0.367400 0.368240
0.900000 0.880000 0.338573 0.347142
0.900000 0.900000 0.309019 0.327062
0.900000 0.920000 0.278856 0.308065
0.900000 0.940000 0.248202 0.290192
0.900000 0.960000 0.217178 0.273454
0.900000 0.980000 0.185906 0.257843
0.920000 0.000000 0.124346 0.276699
0.920000 0.020000 0.155741 0.280304
0.920000 0.040000 0.187013 0.285344
0.920000 0.060000 0.218037 0.292002
0.920000 0.080000 0.248691 0.300466
0.920000 0.100000 0.278854 0.310920
0.920000 0.120000 0.308408 0.323529
0.920000 0.140000 0.337236 0.338424
0.920000 0.160000 0.365223 0.355675
0.920000 0.180000 0.392259 0.375270
0.920000 0.200000 0.418239 0.397082
0.920000 0.220000 0.443058 0.420851
0.920000 0.240000 0.466619 0.446171
0.920000 0.260000 0.488830 0.472497
0.920000 0.280000 0.509603 0.499175
0.920000 0.300000 0.528854 0.525491
0.920000 0.320000 0.546510 0.550725
0.920000 0.340000 0.562499 0.574216
0.920000 0.360000 0.576759 0.595408
0.920000 0.380000 0.589234 0.613874
0.920000 0.400000 0.599874 0.629325
0.920000 0.420000 0.608638 0.641598
0.920000 0.440000 0.615490 0.650636
0.920000 0.460000 0.620403 0.656455
0.920000 0.480000 0.623359 0.659127
0.920000 0.500000 0.624346 0.658759
0.920000 0.520000 0.623360 0.655477
0.920000 0.540000 0.620404 0.649423
0.920000 0.560000 0.615490 0.640749
0.920000 0.580000 0.608638 0.629623
0.920000 0.600000 0.599875 0.616225
0.920000 0.620000 0.589235 0.600756
0.920000 0.640000 0.576760 0.583438
0.920000 0.660000 0.562500 0.564512
0.920000 0.680000 0.546511 0.544241
0.920000 0.700000 0.528855 0.522902
0.920000 0.720000 0.509603 0.500780
0.920000 0.740000 0.488831 0.478162
0.920000 0.760000 0.466620 0.455328
0.920000 0.780000 0.443059 0.432539
0.920000 0.800000 0.418240 0.410038
0.920000 0.820000 0.392260 0.388036
0.920000 0.840000 0.365224 0.366710
0.920000 0.860000 0.337237 0.346206
0.920000 0.880000 0.308409 0.326632
0.920000 0.900000 0.278856 0.308067
0.920000 0.920000 0.248692 0.290557
0.920000 0.940000 0.218038 0.274123
0.920000 0.960000 0.187014 0.258764
0.920000 0.980000 0.155743 0.244463
0.940000 0.000000 0.093692 0.261717
0.940000 0.020000 0.125087 0.264189
0.940000 0.040000 0.156358 0.267977
0.940000 0.060000 0.187382 0.273255
0.940000 0.080000 0.218037 0.280201
0.940000 0.100000 0.248200 0.288997
0.940000 0.120000 0.277754 0.299810
0.940000 0.140000 0.306581 0.312785
0.940000 0.160000 0.334569 0.328021
0.940000 0.180000 0.361605 0.345548
0.940000 0.200000 0.387584 0.365303
0.940000 0.220000 0.412404 0.387099
0.940000 0.240000 0.435965 0.410615
0.940000 0.260000 0.458176 0.435388
0.940000 0.280000 0.478948 0.460834
0.940000 0.300000 0.498200 0.486280
0.940000 0.320000 0.515856 0.511017
0.940000 0.340000 0.531845 0.534361
0.940000 0.360000 0.546105 0.555703
0.940000 0.380000 0.558580 0.574546
0.940000 0.400000 0.569220 0.590524
0.940000 0.420000 0.577983 0.603403
0.940000 0.440000 0.584835 0.613062
0.940000 0.460000 0.589749 0.619475
0.940000 0.480000 0.592705 0.622684
0.940000 0.500000 0.593692 0.622782
0.940000 0.520000 0.592705 0.619899
0.940000 0.540000 0.589749 0.614187
0.940000 0.560000 0.584836 0.605820
0.940000 0.580000 0.577984 0.594992
0.940000 0.600000 0.569220 0.581914
0.940000 0.620000 0.558580 0.566817
0.940000 0.640000 0.546106 0.549952
0.940000 0.660000 0.531846 0.531586
0.940000 0.680000 0.515856 0.512000
0.940000 0.700000 0.498201 0.491482
0.940000 0.720000 0.478949 0.470322
0.940000 0.740000 0.458177 0.448803
0.940000 0.760000 0.435966 0.427191
0.940000 0.780000 0.412405 0.405734
0.940000 0.800000 0.387585 0.384650
0.940000 0.820000 0.361606 0.364126
0.940000 0.840000 0.334570 0.344316
0.940000 0.860000 0.306583 0.325338
0.940000 0.880000 0.277755 0.307280
0.940000 0.900000 0.248202 0.290200
0.940000 0.920000 0.218038 0.274129
0.940000 0.940000 0.187384 0.259074
0.940000 0.960000 0.156360 0.245025
0.940000 0.980000 0.125088 0.231959
0.960000 0.000000 0.062668 0.246682
0.960000 0.020000 0.094063 0.248078
0.960000 0.040000 0.125334 0.250679
0.960000 0.060000 0.156358 0.254645
0.960000 0.080000 0.187013 0.260144
0.960000 0.100000 0.217176 0.267350
0.960000 0.120000 0.246730 0.276427
0.960000 0.140000 0.275557 0.287529
0.960000 0.160000 0.303545 0.300772
0.960000 0.180000 0.330581 0.316222
0.960000 0.200000 0.356560 0.333863
0.960000 0.220000 0.381380 0.353578
0.960000 0.240000 0.404941 0.375125
0.960000 0.260000 0.427152 0.398127
0.960000 0.280000 0.447924 0.422075
0.960000 0.300000 0.467176 0.446356
0.960000 0.320000 0.484832 0.470295
0.960000 0.340000 0.500821 0.493206
0.960000 0.360000 0.515081 0.514446
0.960000 0.380000 0.527556 0.533463
0.960000 0.400000 0.538196 0.549825
0.960000 0.420000 0.546959 0.563226
0.960000 0.440000 0.553811 0.573481
0.960000 0.460000 0.558725 0.580514
0.960000 0.480000 0.561681 0.584334
0.960000 0.500000 0.562668 0.585015
0.960000 0.520000 0.561681 0.582681
0.960000 0.540000 0.558725 0.577493
0.960000 0.560000 0.553812 0.569641
0.960000 0.580000 0.546960 0.559340
0.960000 0.600000 0.538196 0.546827
0.960000 0.620000 0.527556 0.532357
0.960000 0.640000 0.515082 0.516204
0.960000 0.660000 0.500822 0.498652
0.960000 0.680000 0.484832 0.479994
0.960000 0.700000 0.467177 0.460524
0.960000 0.720000 0.447925 0.440530
0.960000 0.740000 0.427153 0.420283
0.960000 0.760000 0.404942 0.400039
0.960000 0.780000 0.381381 0.380023
0.960000 0.800000 0.356561 0.360433
0.960000 0.820000 0.330582 0.341433
0.960000 0.840000 0.303546 0.323153
0.960000 0.860000 0.275559 0.305692
0.960000 0.880000 0.246731 0.289119
0.960000 0.900000 0.217178 0.273476
0.960000 0.920000 0.187014 0.258782
0.960000 0.940000 0.156360 0.245036
0.960000 0.960000 0.125336 0.232222
0.960000 0.980000 0.094064 0.220312
0.980000 0.000000 0.031397 0.231664
0.980000 0.020000 0.062792 0.232055
0.980000 0.040000 0.094063 0.233546
0.980000 0.060000 0.125087 0.236284
0.980000 0.080000 0.155741 0.240424
0.980000 0.100000 0.185905 0.246129
0.980000 0.120000 0.215459 0.253559
0.980000 0.140000 0.244286 0.262865
0.980000 0.160000 0.272273 0.274177
0.980000 0.180000 0.299310 0.287583
0.980000 0.200000 0.325289 0.303107
0.980000 0.220000 0.350108 0.320690
0.980000 0.240000 0.373670 0.340162
0.980000 0.260000 0.395881 0.361227
0.980000 0.280000 0.416653 0.383459
0.980000 0.300000 0.435905 0.406318
0.980000 0.320000 0.453560 0.429177
0.980000 0.340000 0.469550 0.451371
0.980000 0.360000 0.483810 0.472248
0.980000 0.380000 0.496285 0.491221
0.980000 0.400000 0.506925 0.507797
0.980000 0.420000 0.515688 0.521610
0.980000 0.440000 0.522540 0.532412
0.980000 0.460000 0.527454 0.540073
0.980000 0.480000 0.530410 0.544564
0.980000 0.500000 0.531397 0.545933
0.980000 0.520000 0.530410 0.544293
0.980000 0.540000 0.527454 0.539806
0.980000 0.560000 0.522540 0.532672
0.980000 0.580000 0.515688 0.523120
0.980000 0.600000 0.506925 0.511405
0.980000 0.620000 0.496285 0.497801
0.980000 0.640000 0.483810 0.482596
0.980000 0.660000 0.469550 0.466086
0.980000 0.680000 0.453561 0.448568
0.980000 0.700000 0.435906 0.430336
0.980000 0.720000 0.416654 0.411670
0.980000 0.740000 0.395882 0.392831
0.980000 0.760000 0.373671 0.374055
0.980000 0.780000 0.350109 0.355551
0.980000 0.800000 0.325290 0.337495
0.980000 0.820000 0.299311 0.320030
0.980000 0.840000 0.272274 0.303268
0.980000 0.860000 0.244287 0.287291
0.980000 0.880000 0.215460 0.272153
0.980000 0.900000 0.185906 0.257886
0.980000 0.920000 0.155743 0.244499
0.980000 0.940000 0.125088 0.231986
0.980000 0.960000 0.094064 0.220327
0.980000 0.980000 0.062793 0.209494
